ID,numProgenitors,ProgenitorsID
89000000000001,5,"88000000000001,88000000016647,88000000020780,88000000020756,88000000006536"
89000000000002,1,88000000000002
89000000000003,3,"88000000000003,88000000020906,88000000020900"
89000000000004,3,"88000000000004,88000000016449,88000000017626"
89000000000005,2,"88000000000006,88000000018788"
89000000000006,3,"88000000000007,88000000014926,88000000019333"
89000000000007,1,88000000000005
89000000000008,3,"88000000000008,88000000020214,88000000021305"
89000000000009,2,"88000000000010,88000000012051"
89000000000010,2,"88000000000009,88000000019303"
89000000000011,3,"88000000000011,88000000021647,88000000017927"
89000000000012,2,"88000000000012,88000000008816"
89000000000013,2,"88000000000013,88000000006212"
89000000000014,2,"88000000000014,88000000022193"
89000000000015,3,"88000000000015,88000000019062,88000000005753"
89000000000016,1,88000000000017
89000000000017,4,"88000000000018,88000000012588,88000000019842,88000000020662"
89000000000018,1,88000000000016
89000000000019,2,"88000000000019,88000000017725"
89000000000020,2,"88000000000022,88000000019268"
89000000000021,1,88000000000020
89000000000022,2,"88000000000021,88000000022307"
89000000000023,2,"88000000000024,88000000011859"
89000000000024,2,"88000000000025,88000000018020"
89000000000025,1,88000000000023
89000000000026,2,"88000000000040,88000000020955"
89000000000027,4,"88000000000031,88000000012027,88000000015280,88000000014130"
89000000000028,1,88000000000026
89000000000029,3,"88000000000027,88000000016024,88000000009212"
89000000000030,2,"88000000000029,88000000015960"
89000000000031,2,"88000000000028,88000000018133"
89000000000032,1,88000000000033
89000000000033,1,88000000000034
89000000000034,1,88000000000032
89000000000035,2,"88000000000030,88000000019353"
89000000000036,3,"88000000000035,88000000001403,88000000021479"
89000000000037,1,88000000000036
89000000000038,1,88000000000037
89000000000039,1,88000000000038
89000000000040,2,"88000000000039,88000000000396"
89000000000041,1,88000000000041
89000000000042,1,88000000000042
89000000000043,2,"88000000000043,88000000021446"
89000000000044,2,"88000000000045,88000000017238"
89000000000045,2,"88000000000044,88000000006218"
89000000000046,2,"88000000000047,88000000005283"
89000000000047,1,88000000000046
89000000000048,2,"88000000000053,88000000018170"
89000000000049,2,"88000000000049,88000000018712"
89000000000050,1,88000000000050
89000000000051,1,88000000000048
89000000000052,2,"88000000000051,88000000006688"
89000000000053,1,88000000000054
89000000000054,1,88000000000052
89000000000055,1,88000000000055
89000000000056,2,"88000000000058,88000000017773"
89000000000057,2,"88000000000068,88000000019481"
89000000000058,1,88000000000066
89000000000059,1,88000000000060
89000000000060,2,"88000000000063,88000000011846"
89000000000061,2,"88000000000062,88000000021381"
89000000000062,3,"88000000000073,88000000012948,88000000007010"
89000000000063,2,"88000000000064,88000000007848"
89000000000064,2,"88000000000059,88000000022235"
89000000000065,2,"88000000000065,88000000002609"
89000000000066,1,88000000000061
89000000000067,1,88000000000057
89000000000068,1,88000000000070
89000000000069,1,88000000000071
89000000000070,1,88000000000087
89000000000071,1,88000000000069
89000000000072,3,"88000000000081,88000000006640,88000000005862"
89000000000073,1,88000000000072
89000000000074,1,88000000000096
89000000000075,1,88000000000075
89000000000076,1,88000000000076
89000000000077,1,88000000000080
89000000000078,1,88000000000079
89000000000079,1,88000000000077
89000000000080,1,88000000000074
89000000000081,1,88000000000078
89000000000082,1,88000000000084
89000000000083,1,88000000000082
89000000000084,1,88000000000091
89000000000085,2,"88000000000088,88000000018644"
89000000000086,1,88000000000083
89000000000088,1,88000000000120
89000000000089,1,88000000000086
89000000000090,1,88000000000098
89000000000091,2,"88000000000095,88000000007368"
89000000000092,2,"88000000000089,88000000018722"
89000000000093,1,88000000000093
89000000000094,1,88000000000067
89000000000095,1,88000000000092
89000000000096,1,88000000000085
89000000000097,2,"88000000000100,88000000008981"
89000000000098,1,88000000000090
89000000000099,2,"88000000000094,88000000008274"
89000000000100,1,88000000000099
89000000000101,3,"88000000000102,88000000018113,88000000021599"
89000000000102,1,88000000000101
89000000000103,1,88000000000112
89000000000104,1,88000000000124
89000000000105,1,88000000000128
89000000000106,1,88000000000117
89000000000107,1,88000000000103
89000000000108,3,"88000000000097,88000000001476,88000000005898"
89000000000109,2,"88000000000107,88000000010513"
89000000000110,1,88000000000119
89000000000111,1,88000000000113
89000000000112,1,88000000000123
89000000000113,1,88000000000105
89000000000114,1,88000000000139
89000000000115,1,88000000000110
89000000000116,1,88000000000115
89000000000117,1,88000000000109
89000000000118,2,"88000000000114,88000000005654"
89000000000119,1,88000000000126
89000000000120,1,88000000000177
89000000000121,2,"88000000000111,88000000010450"
89000000000122,2,"88000000000116,88000000019135"
89000000000123,1,88000000000156
89000000000124,3,"88000000000133,88000000019615,88000000020669"
89000000000125,1,88000000000130
89000000000126,2,"88000000000108,88000000015755"
89000000000127,1,88000000000104
89000000000128,1,88000000000127
89000000000129,2,"88000000000125,88000000010060"
89000000000130,1,88000000000121
89000000000131,2,"88000000000122,88000000006802"
89000000000132,1,88000000000118
89000000000134,1,88000000000144
89000000000135,3,"88000000000131,88000000002867,88000000019364"
89000000000136,2,"88000000000135,88000000015128"
89000000000137,1,88000000000140
89000000000138,1,88000000000136
89000000000139,1,88000000000137
89000000000140,1,88000000000138
89000000000141,1,88000000000143
89000000000142,1,88000000000132
89000000000143,1,88000000000150
89000000000144,1,88000000000142
89000000000145,1,88000000000204
89000000000146,1,88000000000146
89000000000147,1,88000000000148
89000000000148,3,"88000000000147,88000000017763,88000000010485"
89000000000149,1,88000000000153
89000000000150,1,88000000000166
89000000000151,1,88000000000149
89000000000152,1,88000000000141
89000000000153,3,"88000000000151,88000000020802,88000000005404"
89000000000154,1,88000000000154
89000000000155,1,88000000000145
89000000000156,1,88000000000176
89000000000157,1,88000000000152
89000000000158,2,"88000000000171,88000000020593"
89000000000159,1,88000000000206
89000000000160,1,88000000000159
89000000000161,1,88000000000155
89000000000162,1,88000000000163
89000000000163,1,88000000000160
89000000000164,2,"88000000000161,88000000006852"
89000000000165,1,88000000000167
89000000000166,1,88000000000172
89000000000167,1,88000000000158
89000000000168,1,88000000000175
89000000000169,1,88000000000184
89000000000170,1,88000000000169
89000000000171,1,88000000000162
89000000000172,2,"88000000000164,88000000020124"
89000000000173,1,88000000000129
89000000000174,2,"88000000000168,88000000004771"
89000000000176,1,88000000000174
89000000000177,1,88000000000165
89000000000178,1,88000000000178
89000000000179,1,88000000000183
89000000000180,1,88000000000180
89000000000181,1,88000000000192
89000000000182,1,88000000000134
89000000000183,1,88000000000190
89000000000184,2,"88000000000182,88000000007800"
89000000000185,1,88000000000185
89000000000186,1,88000000000188
89000000000187,1,88000000000186
89000000000188,1,88000000000179
89000000000189,2,"88000000000245,88000000009685"
89000000000191,1,88000000000240
89000000000192,1,88000000000223
89000000000193,2,"88000000000191,88000000008425"
89000000000194,2,"88000000000198,88000000008332"
89000000000195,1,88000000000189
89000000000196,1,88000000000196
89000000000197,1,88000000000197
89000000000198,1,88000000000193
89000000000199,1,88000000000194
89000000000200,1,88000000000199
89000000000201,1,88000000000201
89000000000202,2,"88000000000212,88000000007851"
89000000000203,2,"88000000000187,88000000016010"
89000000000204,1,88000000000202
89000000000205,1,88000000000205
89000000000206,1,88000000000209
89000000000207,1,88000000000195
89000000000208,1,88000000000203
89000000000209,1,88000000000308
89000000000210,1,88000000000210
89000000000211,1,88000000000207
89000000000212,1,88000000000215
89000000000213,1,88000000000213
89000000000214,1,88000000000218
89000000000215,2,"88000000000170,88000000006970"
89000000000216,2,"88000000000214,88000000016632"
89000000000217,1,88000000000216
89000000000218,1,88000000000208
89000000000219,1,88000000000157
89000000000220,1,88000000000211
89000000000221,1,88000000000222
89000000000222,1,88000000000224
89000000000223,1,88000000000228
89000000000224,1,88000000000217
89000000000225,2,"88000000000226,88000000013751"
89000000000226,1,88000000000239
89000000000227,1,88000000000247
89000000000228,1,88000000000220
89000000000229,1,88000000000231
89000000000230,1,88000000000106
89000000000231,3,"88000000000233,88000000007908,88000000017106"
89000000000232,1,88000000000229
89000000000233,1,88000000000236
89000000000234,1,88000000000235
89000000000235,1,88000000000234
89000000000236,3,"88000000000232,88000000005656,88000000005789"
89000000000237,1,88000000000237
89000000000238,1,88000000000244
89000000000239,1,88000000000242
89000000000240,1,88000000000265
89000000000241,1,88000000000241
89000000000242,1,88000000000230
89000000000244,1,88000000000243
89000000000245,1,88000000000248
89000000000246,1,88000000000253
89000000000247,2,"88000000000238,88000000013614"
89000000000248,1,88000000000221
89000000000249,1,88000000000225
89000000000250,2,"88000000000181,88000000005113"
89000000000251,1,88000000000259
89000000000252,1,88000000000246
89000000000253,1,88000000000351
89000000000254,1,88000000000257
89000000000255,1,88000000000262
89000000000256,2,"88000000000254,88000000016422"
89000000000257,1,88000000000258
89000000000258,1,88000000000260
89000000000259,1,88000000000255
89000000000260,1,88000000000256
89000000000261,1,88000000000268
89000000000262,1,88000000000249
89000000000263,2,"88000000000264,88000000019548"
89000000000264,1,88000000000283
89000000000265,1,88000000000303
89000000000266,1,88000000000250
89000000000267,1,88000000000267
89000000000268,2,"88000000000227,88000000003609"
89000000000269,2,"88000000000266,88000000000825"
89000000000270,1,88000000000269
89000000000271,2,"88000000000251,88000000001664"
89000000000272,1,88000000000271
89000000000273,1,88000000000293
89000000000274,1,88000000000278
89000000000275,1,88000000000272
89000000000276,1,88000000000298
89000000000277,1,88000000000263
89000000000278,1,88000000000279
89000000000279,1,88000000000275
89000000000280,1,88000000000270
89000000000281,1,88000000000276
89000000000282,2,"88000000000282,88000000000958"
89000000000283,1,88000000000274
89000000000284,1,88000000000291
89000000000285,1,88000000000292
89000000000286,1,88000000000286
89000000000287,2,"88000000000305,88000000005766"
89000000000288,1,88000000000301
89000000000289,1,88000000000281
89000000000290,1,88000000000273
89000000000291,1,88000000000252
89000000000292,2,"88000000000289,88000000005651"
89000000000293,2,"88000000000306,88000000013464"
89000000000294,1,88000000000356
89000000000295,1,88000000000347
89000000000296,1,88000000000313
89000000000297,1,88000000000284
89000000000298,1,88000000000288
89000000000299,1,88000000000337
89000000000300,1,88000000000321
89000000000301,1,88000000000399
89000000000302,1,88000000000295
89000000000303,1,88000000000317
89000000000304,1,88000000000294
89000000000305,1,88000000000300
89000000000306,1,88000000000299
89000000000307,1,88000000000470
89000000000308,1,88000000000297
89000000000309,1,88000000000311
89000000000310,1,88000000000350
89000000000311,1,88000000000393
89000000000312,1,88000000000296
89000000000314,1,88000000000318
89000000000315,1,88000000000309
89000000000316,1,88000000000302
89000000000317,1,88000000000329
89000000000318,2,"88000000000304,88000000014890"
89000000000319,1,88000000000380
89000000000320,1,88000000000328
89000000000321,1,88000000000315
89000000000322,2,"88000000000325,88000000014695"
89000000000323,1,88000000000314
89000000000324,1,88000000000330
89000000000325,2,"88000000000331,88000000013200"
89000000000326,1,88000000000290
89000000000327,2,"88000000000312,88000000006167"
89000000000328,1,88000000000332
89000000000329,1,88000000000339
89000000000330,1,88000000000324
89000000000332,1,88000000000307
89000000000333,1,88000000000456
89000000000334,1,88000000000449
89000000000335,1,88000000000364
89000000000336,2,"88000000000352,88000000016450"
89000000000337,3,"88000000000285,88000000018854,88000000006124"
89000000000338,1,88000000000353
89000000000339,1,88000000000345
89000000000340,2,"88000000000319,88000000020365"
89000000000341,1,88000000000323
89000000000342,2,"88000000000362,88000000015385"
89000000000343,1,88000000000349
89000000000344,1,88000000000287
89000000000345,2,"88000000000340,88000000007858"
89000000000346,1,88000000000327
89000000000347,1,88000000000344
89000000000348,1,88000000000341
89000000000349,1,88000000000320
89000000000350,1,88000000000359
89000000000351,1,88000000000310
89000000000352,1,88000000000524
89000000000353,1,88000000000373
89000000000354,1,88000000000343
89000000000355,1,88000000000326
89000000000356,1,88000000000372
89000000000357,2,"88000000000277,88000000012744"
89000000000358,1,88000000000334
89000000000359,1,88000000000357
89000000000360,1,88000000000316
89000000000361,1,88000000000445
89000000000362,1,88000000000360
89000000000363,2,"88000000000509,88000000011136"
89000000000364,2,"88000000000370,88000000005985"
89000000000365,1,88000000000369
89000000000366,2,"88000000000348,88000000001621"
89000000000367,1,88000000000379
89000000000368,1,88000000000431
89000000000369,2,"88000000000355,88000000010194"
89000000000370,2,"88000000000338,88000000014717"
89000000000371,2,"88000000000405,88000000013787"
89000000000372,1,88000000000384
89000000000373,1,88000000000381
89000000000374,1,88000000000394
89000000000375,1,88000000000358
89000000000376,1,88000000000402
89000000000377,1,88000000000367
89000000000379,1,88000000000335
89000000000380,1,88000000000382
89000000000381,1,88000000000374
89000000000382,1,88000000000378
89000000000383,1,88000000000365
89000000000384,1,88000000000517
89000000000385,1,88000000000383
89000000000386,1,88000000000389
89000000000387,1,88000000000392
89000000000388,1,88000000000375
89000000000389,1,88000000000333
89000000000390,1,88000000000336
89000000000391,1,88000000000388
89000000000392,1,88000000000387
89000000000393,1,88000000000398
89000000000394,1,88000000000400
89000000000395,2,"88000000000418,88000000018937"
89000000000396,1,88000000000377
89000000000397,1,88000000000417
89000000000398,1,88000000000411
89000000000399,3,"88000000000424,88000000011870,88000000018697"
89000000000400,1,88000000000422
89000000000401,1,88000000000391
89000000000402,2,"88000000000421,88000000006568"
89000000000403,1,88000000000634
89000000000404,1,88000000000545
89000000000405,1,88000000000410
89000000000406,1,88000000000403
89000000000407,1,88000000000419
89000000000408,1,88000000000322
89000000000409,1,88000000000412
89000000000410,1,88000000000444
89000000000411,1,88000000000451
89000000000412,1,88000000000409
89000000000413,1,88000000000407
89000000000414,1,88000000000408
89000000000415,1,88000000000439
89000000000416,1,88000000000363
89000000000417,2,"88000000000426,88000000004998"
89000000000418,2,"88000000000386,88000000018410"
89000000000419,2,"88000000000420,88000000007195"
89000000000420,1,88000000000427
89000000000421,1,88000000000416
89000000000422,1,88000000000430
89000000000423,2,"88000000000397,88000000009205"
89000000000424,1,88000000000395
89000000000425,1,88000000000512
89000000000426,1,88000000000446
89000000000427,1,88000000000443
89000000000428,1,88000000000435
89000000000429,1,88000000000429
89000000000430,1,88000000000450
89000000000431,1,88000000000437
89000000000432,2,"88000000000499,88000000018917"
89000000000433,1,88000000000432
89000000000434,1,88000000000454
89000000000435,1,88000000000406
89000000000436,1,88000000000428
89000000000437,1,88000000000434
89000000000438,1,88000000000467
89000000000439,1,88000000000425
89000000000440,2,"88000000000371,88000000007323"
89000000000441,1,88000000000457
89000000000442,1,88000000000440
89000000000443,1,88000000000436
89000000000444,2,"88000000000438,88000000005210"
89000000000445,1,88000000000464
89000000000446,1,88000000000487
89000000000447,1,88000000000706
89000000000448,1,88000000000459
89000000000449,1,88000000000455
89000000000450,1,88000000000460
89000000000451,1,88000000000462
89000000000452,1,88000000000611
89000000000453,1,88000000000481
89000000000454,1,88000000000433
89000000000455,1,88000000000471
89000000000456,1,88000000000415
89000000000457,1,88000000000463
89000000000458,1,88000000000461
89000000000459,2,"88000000000523,88000000006624"
89000000000460,1,88000000000447
89000000000462,1,88000000000489
89000000000463,2,"88000000000485,88000000009503"
89000000000464,1,88000000000401
89000000000465,1,88000000000448
89000000000466,1,88000000000486
89000000000467,1,88000000000494
89000000000468,1,88000000000466
89000000000469,1,88000000000458
89000000000470,1,88000000000483
89000000000471,1,88000000000636
89000000000472,1,88000000000480
89000000000473,2,"88000000000473,88000000011554"
89000000000474,2,"88000000000474,88000000012241"
89000000000475,1,88000000000478
89000000000476,1,88000000000490
89000000000477,1,88000000000476
89000000000478,1,88000000000469
89000000000479,1,88000000000465
89000000000480,2,"88000000000496,88000000008005"
89000000000481,1,88000000000500
89000000000482,1,88000000000452
89000000000483,2,"88000000000453,88000000005469"
89000000000484,1,88000000000468
89000000000485,1,88000000000623
89000000000486,1,88000000000482
89000000000487,1,88000000000479
89000000000488,2,"88000000000385,88000000005503"
89000000000489,1,88000000000492
89000000000490,1,88000000000538
89000000000491,2,"88000000000518,88000000007349"
89000000000492,1,88000000000376
89000000000493,1,88000000000664
89000000000494,1,88000000000511
89000000000495,2,"88000000000525,88000000017092"
89000000000496,2,"88000000000361,88000000010054"
89000000000497,1,88000000000514
89000000000498,1,88000000000495
89000000000499,1,88000000000477
89000000000500,1,88000000000513
89000000000502,1,88000000000441
89000000000503,1,88000000000562
89000000000504,1,88000000000498
89000000000505,1,88000000000488
89000000000506,1,88000000000442
89000000000507,1,88000000000539
89000000000508,1,88000000000366
89000000000509,2,"88000000000506,88000000007126"
89000000000510,1,88000000000546
89000000000511,1,88000000000503
89000000000512,1,88000000000493
89000000000513,1,88000000000423
89000000000514,1,88000000000533
89000000000515,1,88000000000414
89000000000516,1,88000000000491
89000000000517,1,88000000000519
89000000000518,3,"88000000000531,88000000002321,88000000019348"
89000000000519,1,88000000000504
89000000000520,1,88000000000502
89000000000521,1,88000000000566
89000000000522,2,"88000000000597,88000000006176"
89000000000523,1,88000000000501
89000000000524,1,88000000000510
89000000000525,1,88000000000574
89000000000526,1,88000000000413
89000000000527,1,88000000000537
89000000000528,1,88000000000526
89000000000529,1,88000000000219
89000000000530,1,88000000000529
89000000000531,1,88000000000581
89000000000533,1,88000000000534
89000000000534,1,88000000000261
89000000000535,1,88000000000541
89000000000536,1,88000000000554
89000000000537,1,88000000000540
89000000000538,1,88000000000549
89000000000539,1,88000000000571
89000000000540,1,88000000000555
89000000000541,1,88000000000508
89000000000542,1,88000000000484
89000000000543,1,88000000000532
89000000000544,3,"88000000000576,88000000005777,88000000008913"
89000000000545,1,88000000000515
89000000000546,1,88000000000521
89000000000547,1,88000000000528
89000000000548,1,88000000000567
89000000000549,1,88000000000556
89000000000550,1,88000000000550
89000000000551,1,88000000000637
89000000000552,1,88000000000561
89000000000553,1,88000000000548
89000000000554,1,88000000000535
89000000000555,1,88000000000553
89000000000556,1,88000000000565
89000000000557,1,88000000000551
89000000000558,1,88000000000536
89000000000560,1,88000000000520
89000000000562,1,88000000000530
89000000000563,1,88000000000564
89000000000564,1,88000000000559
89000000000565,1,88000000000590
89000000000566,1,88000000000522
89000000000567,1,88000000000547
89000000000568,2,"88000000000527,88000000008050"
89000000000569,1,88000000000507
89000000000570,1,88000000000568
89000000000571,1,88000000000542
89000000000572,1,88000000000560
89000000000573,1,88000000000516
89000000000574,1,88000000000591
89000000000575,1,88000000000609
89000000000576,1,88000000000558
89000000000577,1,88000000000570
89000000000578,1,88000000001174
89000000000579,1,88000000000579
89000000000580,1,88000000000585
89000000000581,1,88000000000663
89000000000582,1,88000000000582
89000000000583,1,88000000000544
89000000000584,1,88000000000588
89000000000585,1,88000000000390
89000000000586,1,88000000000592
89000000000587,1,88000000000589
89000000000588,1,88000000000586
89000000000589,1,88000000000612
89000000000590,1,88000000000280
89000000000591,1,88000000000563
89000000000592,1,88000000000607
89000000000594,1,88000000000543
89000000000595,1,88000000000404
89000000000598,1,88000000000584
89000000000599,1,88000000000624
89000000000600,1,88000000000577
89000000000601,2,"88000000000626,88000000010327"
89000000000602,1,88000000000631
89000000000603,2,"88000000000600,88000000001819"
89000000000604,1,88000000000613
89000000000605,1,88000000000617
89000000000606,1,88000000000583
89000000000607,1,88000000000614
89000000000608,1,88000000000621
89000000000609,1,88000000000587
89000000000610,2,"88000000000619,88000000006228"
89000000000611,1,88000000000608
89000000000612,1,88000000000598
89000000000613,1,88000000000569
89000000000614,1,88000000000602
89000000000615,1,88000000000596
89000000000616,1,88000000000599
89000000000617,1,88000000000629
89000000000618,1,88000000000618
89000000000619,2,"88000000000628,88000000009115"
89000000000620,1,88000000000605
89000000000621,1,88000000000709
89000000000622,1,88000000000601
89000000000623,1,88000000000659
89000000000624,1,88000000000639
89000000000625,1,88000000000627
89000000000626,1,88000000000650
89000000000627,2,"88000000000719,88000000002979"
89000000000628,1,88000000000603
89000000000629,1,88000000000575
89000000000630,1,88000000000615
89000000000631,2,"88000000000646,88000000012347"
89000000000632,1,88000000000594
89000000000633,1,88000000000595
89000000000634,2,"88000000000644,88000000020231"
89000000000635,2,"88000000000687,88000000011250"
89000000000636,1,88000000000642
89000000000637,1,88000000000661
89000000000638,1,88000000000667
89000000000639,1,88000000001060
89000000000640,1,88000000000632
89000000000642,1,88000000000616
89000000000643,1,88000000000675
89000000000644,1,88000000000674
89000000000645,1,88000000000648
89000000000646,1,88000000000668
89000000000647,1,88000000000622
89000000000648,1,88000000000625
89000000000649,1,88000000000354
89000000000650,1,88000000000641
89000000000651,1,88000000000658
89000000000652,2,"88000000000654,88000000008908"
89000000000654,1,88000000000677
89000000000655,1,88000000000665
89000000000656,1,88000000000647
89000000000657,1,88000000000685
89000000000659,1,88000000000737
89000000000660,1,88000000000691
89000000000661,1,88000000000643
89000000000662,1,88000000000633
89000000000663,1,88000000000475
89000000000664,1,88000000000860
89000000000665,1,88000000000645
89000000000666,1,88000000000690
89000000000667,1,88000000000653
89000000000668,1,88000000000887
89000000000669,1,88000000000681
89000000000670,1,88000000000734
89000000000671,1,88000000000676
89000000000672,1,88000000000705
89000000000673,1,88000000000679
89000000000674,1,88000000000669
89000000000675,1,88000000000630
89000000000676,1,88000000000635
89000000000677,1,88000000000692
89000000000678,1,88000000000710
89000000000679,1,88000000000697
89000000000680,1,88000000000651
89000000000681,1,88000000000802
89000000000682,1,88000000000699
89000000000683,1,88000000000683
89000000000684,1,88000000000682
89000000000686,1,88000000000680
89000000000687,1,88000000000711
89000000000688,1,88000000000721
89000000000689,1,88000000000689
89000000000690,1,88000000000701
89000000000691,1,88000000000742
89000000000692,1,88000000000671
89000000000693,1,88000000000694
89000000000694,1,88000000000686
89000000000695,1,88000000001197
89000000000696,1,88000000000673
89000000000697,1,88000000000684
89000000000698,1,88000000000715
89000000000699,1,88000000000748
89000000000700,1,88000000000678
89000000000701,1,88000000000733
89000000000702,1,88000000000696
89000000000703,1,88000000000657
89000000000704,1,88000000001314
89000000000705,1,88000000000712
89000000000706,1,88000000000727
89000000000707,1,88000000000763
89000000000708,1,88000000000660
89000000000709,1,88000000000875
89000000000710,2,"88000000000779,88000000016319"
89000000000711,1,88000000000746
89000000000712,1,88000000000708
89000000000713,1,88000000000698
89000000000714,3,"88000000000693,88000000017278,88000000010454"
89000000000715,1,88000000000722
89000000000716,1,88000000000750
89000000000717,1,88000000000741
89000000000718,1,88000000000726
89000000000719,1,88000000000713
89000000000720,1,88000000000649
89000000000721,1,88000000000731
89000000000722,1,88000000000666
89000000000723,1,88000000000777
89000000000724,1,88000000000761
89000000000725,1,88000000000747
89000000000726,1,88000000000833
89000000000727,1,88000000000751
89000000000728,1,88000000000702
89000000000729,1,88000000000670
89000000000730,1,88000000000717
89000000000731,1,88000000000759
89000000000732,1,88000000000730
89000000000733,1,88000000000725
89000000000734,2,"88000000000797,88000000017237"
89000000000735,1,88000000000552
89000000000736,1,88000000000718
89000000000737,1,88000000000695
89000000000738,1,88000000000743
89000000000739,1,88000000000735
89000000000740,1,88000000000755
89000000000741,1,88000000000749
89000000000742,1,88000000000784
89000000000743,1,88000000000764
89000000000744,1,88000000001168
89000000000745,1,88000000000700
89000000000746,1,88000000000720
89000000000747,3,"88000000000788,88000000002366,88000000012781"
89000000000748,1,88000000000752
89000000000749,1,88000000000767
89000000000750,1,88000000000785
89000000000751,1,88000000000780
89000000000752,1,88000000000740
89000000000753,2,"88000000000776,88000000018688"
89000000000754,2,"88000000000775,88000000003730"
89000000000755,1,88000000000758
89000000000756,2,"88000000000994,88000000001337"
89000000000757,1,88000000000770
89000000000758,2,"88000000000786,88000000004713"
89000000000759,1,88000000000774
89000000000760,1,88000000000782
89000000000761,1,88000000000724
89000000000762,1,88000000000745
89000000000763,1,88000000001039
89000000000764,1,88000000001206
89000000000765,1,88000000000640
89000000000766,1,88000000000794
89000000000767,1,88000000000769
89000000000768,2,"88000000000856,88000000007011"
89000000000769,1,88000000000753
89000000000770,1,88000000000757
89000000000771,1,88000000000728
89000000000772,1,88000000000655
89000000000773,1,88000000000762
89000000000774,1,88000000000789
89000000000775,1,88000000000796
89000000000776,1,88000000000760
89000000000777,1,88000000000793
89000000000778,2,"88000000000739,88000000003762"
89000000000779,1,88000000000704
89000000000780,2,"88000000000829,88000000016558"
89000000000781,1,88000000000672
89000000000782,1,88000000000744
89000000000783,1,88000000000787
89000000000784,1,88000000000882
89000000000785,1,88000000000828
89000000000786,1,88000000000792
89000000000787,1,88000000000714
89000000000788,1,88000000000810
89000000000789,1,88000000000791
89000000000790,1,88000000000827
89000000000791,1,88000000000805
89000000000792,1,88000000000620
89000000000793,1,88000000000756
89000000000794,2,"88000000000808,88000000003071"
89000000000795,2,"88000000000807,88000000019201"
89000000000796,1,88000000000783
89000000000797,1,88000000000703
89000000000798,1,88000000000817
89000000000799,1,88000000000638
89000000000800,2,"88000000000768,88000000007983"
89000000000801,1,88000000000790
89000000000802,1,88000000000804
89000000000803,1,88000000000688
89000000000804,1,88000000000873
89000000000805,1,88000000000771
89000000000806,1,88000000000800
89000000000807,1,88000000000823
89000000000808,1,88000000000765
89000000000809,1,88000000000821
89000000000810,1,88000000000803
89000000000811,1,88000000000867
89000000000812,2,"88000000000813,88000000014990"
89000000000813,1,88000000000578
89000000000814,1,88000000000816
89000000000815,1,88000000000809
89000000000816,2,"88000000000811,88000000008760"
89000000000817,1,88000000000342
89000000000818,1,88000000000818
89000000000819,1,88000000000847
89000000000820,1,88000000000854
89000000000821,2,"88000000000738,88000000008810"
89000000000822,1,88000000000840
89000000000823,1,88000000000812
89000000000824,1,88000000000716
89000000000826,1,88000000000857
89000000000827,1,88000000000832
89000000000828,1,88000000000820
89000000000829,1,88000000000846
89000000000830,1,88000000000841
89000000000831,1,88000000000835
89000000000832,1,88000000000819
89000000000833,1,88000000000851
89000000000834,1,88000000000844
89000000000835,1,88000000000814
89000000000836,1,88000000000838
89000000000837,1,88000000000736
89000000000838,1,88000000000826
89000000000839,1,88000000000880
89000000000840,1,88000000000870
89000000000841,1,88000000000863
89000000000842,1,88000000000662
89000000000843,1,88000000000866
89000000000844,1,88000000000732
89000000000845,1,88000000000729
89000000000846,1,88000000000815
89000000000847,2,"88000000000842,88000000010365"
89000000000848,2,"88000000000910,88000000012331"
89000000000849,1,88000000000836
89000000000850,1,88000000000894
89000000000851,1,88000000000843
89000000000852,1,88000000000901
89000000000853,2,"88000000000950,88000000002477"
89000000000854,1,88000000000855
89000000000855,1,88000000000907
89000000000856,1,88000000000656
89000000000857,1,88000000000862
89000000000858,1,88000000000885
89000000000859,1,88000000000850
89000000000860,1,88000000000849
89000000000861,1,88000000000830
89000000000862,1,88000000000889
89000000000863,1,88000000000878
89000000000864,1,88000000000915
89000000000865,2,"88000000000886,88000000021584"
89000000000866,1,88000000000890
89000000000867,1,88000000000864
89000000000868,2,"88000000000904,88000000020711"
89000000000869,1,88000000000845
89000000000870,1,88000000000869
89000000000871,1,88000000000853
89000000000872,1,88000000000781
89000000000873,1,88000000000896
89000000000875,1,88000000000906
89000000000876,1,88000000000957
89000000000877,2,"88000000000824,88000000022383"
89000000000878,1,88000000000852
89000000000879,1,88000000000888
89000000000880,1,88000000000831
89000000000881,1,88000000000876
89000000000882,1,88000000000902
89000000000883,1,88000000000806
89000000000884,1,88000000000908
89000000000885,1,88000000000893
89000000000886,1,88000000000911
89000000000887,1,88000000000883
89000000000888,1,88000000000965
89000000000889,1,88000000000912
89000000000890,1,88000000000933
89000000000891,1,88000000001017
89000000000892,1,88000000000925
89000000000893,1,88000000000944
89000000000894,1,88000000000932
89000000000895,1,88000000000879
89000000000896,1,88000000000941
89000000000897,1,88000000000914
89000000000898,1,88000000000913
89000000000899,1,88000000000905
89000000000900,1,88000000000930
89000000000901,1,88000000000909
89000000000902,1,88000000000872
89000000000903,1,88000000000918
89000000000904,1,88000000000871
89000000000905,1,88000000000923
89000000000906,1,88000000000927
89000000000907,1,88000000000865
89000000000908,2,"88000000000884,88000000010631"
89000000000909,1,88000000000916
89000000000910,1,88000000000921
89000000000911,1,88000000000861
89000000000912,1,88000000000652
89000000000913,1,88000000000795
89000000000914,1,88000000000899
89000000000915,2,"88000000000947,88000000017273"
89000000000916,1,88000000000929
89000000000917,1,88000000000859
89000000000918,1,88000000000858
89000000000919,1,88000000000942
89000000000920,1,88000000000877
89000000000921,1,88000000000948
89000000000922,1,88000000000931
89000000000923,1,88000000000922
89000000000924,1,88000000000935
89000000000925,1,88000000000952
89000000000926,1,88000000000971
89000000000927,1,88000000000606
89000000000928,1,88000000000920
89000000000929,1,88000000000943
89000000000930,1,88000000000960
89000000000931,1,88000000001227
89000000000932,1,88000000000928
89000000000933,1,88000000000926
89000000000934,1,88000000001009
89000000000935,1,88000000000959
89000000000936,1,88000000000964
89000000000937,1,88000000001048
89000000000938,1,88000000001027
89000000000939,1,88000000000953
89000000000940,1,88000000000924
89000000000941,1,88000000000977
89000000000942,1,88000000000984
89000000000943,1,88000000001036
89000000000944,1,88000000000903
89000000000945,1,88000000001000
89000000000946,1,88000000000939
89000000000947,1,88000000000951
89000000000948,1,88000000000898
89000000000950,1,88000000000966
89000000000951,1,88000000000976
89000000000952,1,88000000000799
89000000000953,1,88000000000969
89000000000954,1,88000000000954
89000000000955,1,88000000000936
89000000000956,1,88000000000980
89000000000957,1,88000000000963
89000000000958,1,88000000000990
89000000000959,1,88000000001066
89000000000960,1,88000000000983
89000000000961,1,88000000000995
89000000000962,1,88000000000993
89000000000963,1,88000000000972
89000000000964,1,88000000000999
89000000000965,1,88000000001002
89000000000966,1,88000000000949
89000000000967,1,88000000000979
89000000000968,1,88000000000919
89000000000969,1,88000000001054
89000000000970,1,88000000001194
89000000000971,1,88000000000981
89000000000972,1,88000000000968
89000000000973,1,88000000000974
89000000000974,1,88000000000934
89000000000975,1,88000000001050
89000000000976,1,88000000000961
89000000000977,1,88000000000975
89000000000978,1,88000000000982
89000000000979,2,"88000000001053,88000000021857"
89000000000980,1,88000000001114
89000000000981,1,88000000000946
89000000000982,1,88000000001003
89000000000983,1,88000000000945
89000000000984,1,88000000000970
89000000000985,1,88000000000962
89000000000986,1,88000000001057
89000000000987,1,88000000000985
89000000000988,1,88000000001006
89000000000989,3,"88000000001041,88000000008505,88000000010376"
89000000000991,1,88000000000881
89000000000992,1,88000000000773
89000000000993,1,88000000001089
89000000000994,1,88000000001130
89000000000995,1,88000000000837
89000000000996,1,88000000001021
89000000000997,1,88000000000978
89000000000998,1,88000000000874
89000000000999,1,88000000001025
89000000001000,2,"88000000000778,88000000007066"
89000000001001,1,88000000000998
89000000001002,1,88000000000956
89000000001003,1,88000000001029
89000000001004,1,88000000001102
89000000001005,1,88000000000955
89000000001006,1,88000000001013
89000000001007,1,88000000001008
89000000001008,1,88000000001037
89000000001009,2,"88000000000986,88000000013264"
89000000001010,1,88000000001250
89000000001011,1,88000000001010
89000000001012,1,88000000001047
89000000001013,1,88000000001055
89000000001014,1,88000000001030
89000000001015,1,88000000001016
89000000001016,1,88000000000937
89000000001017,1,88000000001035
89000000001018,1,88000000001056
89000000001019,1,88000000000973
89000000001020,1,88000000001146
89000000001021,1,88000000001062
89000000001022,1,88000000001020
89000000001023,1,88000000001004
89000000001024,1,88000000001051
89000000001025,1,88000000001075
89000000001026,1,88000000001052
89000000001027,1,88000000001038
89000000001028,1,88000000000989
89000000001029,1,88000000000967
89000000001030,1,88000000001072
89000000001031,1,88000000001059
89000000001032,1,88000000001083
89000000001033,1,88000000001024
89000000001034,1,88000000000895
89000000001035,1,88000000001007
89000000001036,1,88000000001061
89000000001037,1,88000000001043
89000000001038,1,88000000001109
89000000001039,1,88000000001033
89000000001040,1,88000000000822
89000000001041,1,88000000001071
89000000001042,1,88000000001123
89000000001043,1,88000000001073
89000000001044,1,88000000001063
89000000001045,2,"88000000000766,88000000005626"
89000000001046,1,88000000001093
89000000001047,1,88000000001064
89000000001048,1,88000000001077
89000000001049,1,88000000001090
89000000001050,1,88000000001088
89000000001051,1,88000000001067
89000000001052,1,88000000000992
89000000001053,1,88000000001070
89000000001054,1,88000000001040
89000000001055,2,"88000000001119,88000000004892"
89000000001056,1,88000000001116
89000000001057,1,88000000001068
89000000001058,1,88000000001005
89000000001059,1,88000000001031
89000000001060,1,88000000000610
89000000001061,1,88000000001078
89000000001062,1,88000000001131
89000000001063,1,88000000001076
89000000001064,1,88000000001126
89000000001065,1,88000000001087
89000000001066,2,"88000000001092,88000000010110"
89000000001067,1,88000000001171
89000000001068,1,88000000001049
89000000001069,1,88000000001138
89000000001070,1,88000000001104
89000000001072,1,88000000001011
89000000001073,1,88000000001001
89000000001074,1,88000000001058
89000000001075,1,88000000001106
89000000001076,1,88000000001042
89000000001077,1,88000000001695
89000000001078,1,88000000001140
89000000001079,1,88000000001099
89000000001080,1,88000000001191
89000000001081,1,88000000001122
89000000001082,1,88000000001111
89000000001083,2,"88000000001095,88000000006833"
89000000001084,1,88000000001144
89000000001085,1,88000000001136
89000000001086,1,88000000001125
89000000001087,1,88000000001141
89000000001088,1,88000000001117
89000000001089,1,88000000001188
89000000001090,1,88000000001212
89000000001091,1,88000000001112
89000000001092,1,88000000001110
89000000001093,1,88000000001166
89000000001095,1,88000000000798
89000000001096,1,88000000001167
89000000001097,1,88000000001158
89000000001098,1,88000000001132
89000000001099,1,88000000001107
89000000001100,1,88000000001074
89000000001101,2,"88000000001108,88000000018216"
89000000001102,1,88000000001118
89000000001103,1,88000000001022
89000000001104,1,88000000001034
89000000001105,1,88000000001019
89000000001106,1,88000000001549
89000000001107,1,88000000001134
89000000001108,1,88000000000801
89000000001109,2,"88000000001326,88000000018311"
89000000001110,1,88000000001084
89000000001111,1,88000000001198
89000000001112,1,88000000001113
89000000001113,1,88000000001258
89000000001114,1,88000000001137
89000000001115,1,88000000001115
89000000001116,1,88000000001210
89000000001117,1,88000000001156
89000000001118,1,88000000001082
89000000001119,2,"88000000001065,88000000009938"
89000000001120,1,88000000001135
89000000001121,1,88000000001149
89000000001122,1,88000000001199
89000000001123,1,88000000001103
89000000001124,1,88000000001081
89000000001125,1,88000000001105
89000000001126,1,88000000001143
89000000001127,2,"88000000001128,88000000014735"
89000000001128,1,88000000001148
89000000001129,1,88000000001183
89000000001130,1,88000000001157
89000000001131,1,88000000001165
89000000001132,1,88000000001139
89000000001133,1,88000000001164
89000000001134,1,88000000001085
89000000001135,1,88000000001161
89000000001137,1,88000000001248
89000000001138,1,88000000001232
89000000001139,1,88000000001220
89000000001140,1,88000000001190
89000000001141,1,88000000001127
89000000001142,1,88000000001080
89000000001143,1,88000000001026
89000000001144,1,88000000001096
89000000001145,1,88000000001150
89000000001146,1,88000000001180
89000000001147,1,88000000001176
89000000001148,1,88000000001163
89000000001149,1,88000000001069
89000000001150,2,"88000000001179,88000000008264"
89000000001151,1,88000000000996
89000000001152,1,88000000001015
89000000001153,1,88000000001182
89000000001154,1,88000000000988
89000000001155,1,88000000001145
89000000001156,1,88000000001152
89000000001157,1,88000000001299
89000000001158,1,88000000001124
89000000001159,1,88000000001344
89000000001161,1,88000000001155
89000000001162,1,88000000001215
89000000001163,2,"88000000001098,88000000010061"
89000000001164,1,88000000000938
89000000001165,1,88000000001195
89000000001167,1,88000000001582
89000000001168,1,88000000001091
89000000001169,1,88000000001218
89000000001170,1,88000000001147
89000000001171,2,"88000000001214,88000000005151"
89000000001173,1,88000000001151
89000000001174,1,88000000001172
89000000001175,1,88000000001173
89000000001176,2,"88000000001169,88000000006460"
89000000001177,1,88000000001221
89000000001178,1,88000000001189
89000000001180,1,88000000001187
89000000001181,1,88000000001307
89000000001182,1,88000000001531
89000000001183,1,88000000001192
89000000001184,1,88000000001219
89000000001185,1,88000000001222
89000000001186,1,88000000001208
89000000001187,1,88000000001046
89000000001188,1,88000000001178
89000000001189,1,88000000001153
89000000001190,1,88000000001211
89000000001191,2,"88000000001142,88000000010135"
89000000001192,1,88000000001045
89000000001193,2,"88000000001196,88000000007078"
89000000001194,1,88000000001336
89000000001195,1,88000000001181
89000000001196,1,88000000001162
89000000001197,1,88000000001240
89000000001198,1,88000000001205
89000000001199,1,88000000001233
89000000001200,1,88000000001228
89000000001201,1,88000000001235
89000000001202,1,88000000001213
89000000001203,1,88000000001203
89000000001204,1,88000000001201
89000000001205,1,88000000001202
89000000001206,2,"88000000001297,88000000012168"
89000000001207,1,88000000001226
89000000001208,1,88000000001224
89000000001210,1,88000000001207
89000000001211,1,88000000001185
89000000001212,1,88000000001223
89000000001213,1,88000000001267
89000000001214,1,88000000001251
89000000001215,1,88000000001604
89000000001216,1,88000000000900
89000000001217,1,88000000001154
89000000001219,2,"88000000001373,88000000005349"
89000000001220,1,88000000001286
89000000001222,1,88000000001242
89000000001223,1,88000000001101
89000000001224,1,88000000001230
89000000001225,1,88000000001018
89000000001226,1,88000000001177
89000000001227,1,88000000001279
89000000001228,2,"88000000001249,88000000002749"
89000000001229,1,88000000001244
89000000001230,1,88000000001236
89000000001231,1,88000000001234
89000000001232,1,88000000001317
89000000001233,1,88000000001260
89000000001234,1,88000000001268
89000000001235,1,88000000001284
89000000001236,1,88000000001255
89000000001237,1,88000000001023
89000000001238,1,88000000001292
89000000001239,1,88000000001216
89000000001240,1,88000000001209
89000000001241,1,88000000001247
89000000001242,1,88000000001121
89000000001243,1,88000000001238
89000000001244,1,88000000001225
89000000001245,2,"88000000001388,88000000003710"
89000000001246,1,88000000001349
89000000001247,1,88000000001170
89000000001248,1,88000000001257
89000000001249,1,88000000001302
89000000001250,1,88000000001393
89000000001251,1,88000000001266
89000000001252,1,88000000001264
89000000001253,1,88000000001285
89000000001254,1,88000000001184
89000000001255,1,88000000001262
89000000001256,1,88000000001217
89000000001257,1,88000000001428
89000000001258,1,88000000001316
89000000001259,1,88000000001484
89000000001260,1,88000000001254
89000000001261,2,"88000000001283,88000000003022"
89000000001262,1,88000000001252
89000000001263,1,88000000001243
89000000001264,1,88000000001282
89000000001265,1,88000000001245
89000000001266,1,88000000001313
89000000001267,1,88000000001265
89000000001268,1,88000000001353
89000000001269,1,88000000001290
89000000001270,1,88000000001276
89000000001271,1,88000000001274
89000000001272,1,88000000001418
89000000001273,1,88000000001287
89000000001274,1,88000000001253
89000000001275,1,88000000001239
89000000001276,1,88000000001273
89000000001277,1,88000000001310
89000000001278,1,88000000001288
89000000001279,1,88000000001133
89000000001280,1,88000000001660
89000000001281,1,88000000001462
89000000001282,1,88000000001086
89000000001283,1,88000000001515
89000000001284,1,88000000001298
89000000001285,1,88000000001324
89000000001286,1,88000000001280
89000000001287,1,88000000001301
89000000001289,1,88000000001375
89000000001290,1,88000000001295
89000000001291,1,88000000001269
89000000001292,1,88000000001323
89000000001293,2,"88000000001339,88000000019073"
89000000001295,1,88000000001328
89000000001296,1,88000000001305
89000000001297,1,88000000001270
89000000001298,1,88000000001338
89000000001300,1,88000000001372
89000000001301,1,88000000001381
89000000001302,1,88000000001371
89000000001303,1,88000000001318
89000000001304,1,88000000001289
89000000001305,1,88000000001334
89000000001306,1,88000000001356
89000000001307,1,88000000001352
89000000001308,1,88000000001277
89000000001309,1,88000000001300
89000000001310,1,88000000001241
89000000001311,1,88000000001347
89000000001312,1,88000000001350
89000000001313,1,88000000000987
89000000001314,1,88000000001120
89000000001315,1,88000000001315
89000000001316,1,88000000001358
89000000001317,1,88000000001200
89000000001318,1,88000000001296
89000000001319,1,88000000001320
89000000001320,1,88000000001414
89000000001321,1,88000000001306
89000000001322,1,88000000001325
89000000001324,1,88000000001342
89000000001325,1,88000000001256
89000000001326,1,88000000001440
89000000001327,1,88000000001271
89000000001328,1,88000000001321
89000000001329,1,88000000001410
89000000001330,2,"88000000001355,88000000015392"
89000000001331,1,88000000001348
89000000001332,1,88000000001281
89000000001333,1,88000000001412
89000000001334,1,88000000001387
89000000001335,1,88000000001395
89000000001336,1,88000000001335
89000000001337,2,"88000000001407,88000000009911"
89000000001339,1,88000000001351
89000000001340,1,88000000001159
89000000001341,1,88000000001291
89000000001342,1,88000000001472
89000000001343,1,88000000001331
89000000001344,1,88000000001378
89000000001345,1,88000000001404
89000000001346,1,88000000001332
89000000001347,1,88000000001390
89000000001348,1,88000000001837
89000000001349,1,88000000001079
89000000001350,1,88000000001361
89000000001351,1,88000000001259
89000000001352,1,88000000001357
89000000001353,1,88000000001272
89000000001354,1,88000000001340
89000000001355,1,88000000001370
89000000001356,1,88000000001498
89000000001357,1,88000000001261
89000000001358,1,88000000001368
89000000001359,1,88000000001367
89000000001360,1,88000000001160
89000000001361,1,88000000001425
89000000001362,1,88000000001396
89000000001363,1,88000000001014
89000000001364,1,88000000001369
89000000001365,1,88000000001455
89000000001366,1,88000000001330
89000000001367,1,88000000001304
89000000001368,1,88000000001360
89000000001369,1,88000000001408
89000000001370,1,88000000001386
89000000001371,1,88000000001399
89000000001372,1,88000000001529
89000000001373,1,88000000001469
89000000001374,1,88000000000868
89000000001375,1,88000000001550
89000000001376,1,88000000001379
89000000001377,1,88000000001415
89000000001378,1,88000000001389
89000000001379,1,88000000001362
89000000001380,1,88000000001204
89000000001381,1,88000000001477
89000000001382,1,88000000001186
89000000001383,1,88000000001278
89000000001384,1,88000000001513
89000000001385,1,88000000001453
89000000001386,1,88000000001419
89000000001387,1,88000000001423
89000000001388,1,88000000001380
89000000001389,1,88000000001377
89000000001390,1,88000000001434
89000000001391,1,88000000001322
89000000001392,1,88000000001439
89000000001393,1,88000000001376
89000000001394,1,88000000001363
89000000001395,1,88000000001435
89000000001396,1,88000000001465
89000000001397,1,88000000001401
89000000001398,1,88000000001413
89000000001399,1,88000000001474
89000000001401,1,88000000001426
89000000001402,1,88000000001392
89000000001403,1,88000000001619
89000000001404,2,"88000000001491,88000000012529"
89000000001405,1,88000000001421
89000000001406,1,88000000001446
89000000001407,2,"88000000001329,88000000004953"
89000000001408,1,88000000001429
89000000001409,1,88000000001444
89000000001410,1,88000000001427
89000000001411,1,88000000001432
89000000001412,1,88000000001382
89000000001413,1,88000000001422
89000000001414,1,88000000001431
89000000001415,1,88000000001464
89000000001416,1,88000000000917
89000000001417,1,88000000001563
89000000001418,1,88000000001628
89000000001419,1,88000000001445
89000000001420,1,88000000001696
89000000001421,1,88000000001437
89000000001422,2,"88000000001734,88000000002714"
89000000001423,1,88000000001308
89000000001424,1,88000000001736
89000000001425,1,88000000001409
89000000001426,1,88000000001312
89000000001427,1,88000000001436
89000000001428,1,88000000001488
89000000001429,1,88000000001470
89000000001430,1,88000000001402
89000000001431,1,88000000001237
89000000001432,1,88000000001459
89000000001433,1,88000000001391
89000000001434,1,88000000001454
89000000001435,1,88000000001333
89000000001436,1,88000000001486
89000000001437,1,88000000001443
89000000001439,1,88000000001482
89000000001440,1,88000000001510
89000000001441,1,88000000001451
89000000001442,1,88000000001417
89000000001444,1,88000000001468
89000000001445,1,88000000001480
89000000001446,1,88000000001623
89000000001447,1,88000000001458
89000000001448,1,88000000001479
89000000001449,1,88000000001489
89000000001450,2,"88000000001502,88000000010252"
89000000001451,1,88000000001466
89000000001452,1,88000000001384
89000000001453,1,88000000001481
89000000001454,1,88000000001345
89000000001455,1,88000000001507
89000000001456,1,88000000001776
89000000001457,1,88000000001420
89000000001458,1,88000000001483
89000000001459,1,88000000001557
89000000001461,1,88000000001461
89000000001462,1,88000000001602
89000000001463,1,88000000001511
89000000001464,1,88000000001475
89000000001465,1,88000000001505
89000000001466,1,88000000001450
89000000001467,1,88000000001506
89000000001468,1,88000000001571
89000000001469,1,88000000001512
89000000001470,1,88000000001500
89000000001472,1,88000000001492
89000000001473,1,88000000001494
89000000001474,1,88000000001493
89000000001475,1,88000000001400
89000000001476,1,88000000001525
89000000001477,2,"88000000001365,88000000018921"
89000000001478,1,88000000001463
89000000001479,1,88000000001533
89000000001480,1,88000000001448
89000000001481,1,88000000001496
89000000001482,2,"88000000001467,88000000009596"
89000000001484,1,88000000001548
89000000001485,1,88000000001645
89000000001486,1,88000000001521
89000000001487,1,88000000001499
89000000001488,1,88000000001522
89000000001489,1,88000000001632
89000000001490,1,88000000001530
89000000001491,1,88000000001497
89000000001492,1,88000000001534
89000000001493,1,88000000001293
89000000001494,1,88000000001598
89000000001495,1,88000000001524
89000000001496,1,88000000001394
89000000001497,1,88000000001535
89000000001498,1,88000000001508
89000000001499,1,88000000001100
89000000001500,1,88000000001442
89000000001501,1,88000000001516
89000000001502,1,88000000001246
89000000001503,1,88000000001579
89000000001504,1,88000000001558
89000000001505,1,88000000001625
89000000001506,1,88000000001509
89000000001507,1,88000000001374
89000000001508,1,88000000001537
89000000001509,1,88000000001501
89000000001510,1,88000000001229
89000000001511,1,88000000001487
89000000001512,1,88000000001231
89000000001513,1,88000000001398
89000000001514,1,88000000001523
89000000001515,1,88000000001822
89000000001516,1,88000000001309
89000000001517,1,88000000001175
89000000001518,2,"88000000001518,88000000018843"
89000000001519,1,88000000002053
89000000001520,1,88000000001572
89000000001521,1,88000000001620
89000000001522,1,88000000001503
89000000001523,1,88000000001416
89000000001524,1,88000000001575
89000000001525,1,88000000001532
89000000001526,1,88000000001514
89000000001527,1,88000000001568
89000000001528,1,88000000001528
89000000001529,1,88000000001649
89000000001530,1,88000000001490
89000000001531,1,88000000001666
89000000001532,1,88000000001538
89000000001533,1,88000000001275
89000000001534,1,88000000001540
89000000001535,1,88000000001485
89000000001536,1,88000000001603
89000000001537,1,88000000001854
89000000001538,1,88000000001580
89000000001539,1,88000000001608
89000000001540,1,88000000001545
89000000001541,1,88000000001319
89000000001542,1,88000000001565
89000000001543,1,88000000001607
89000000001544,1,88000000001554
89000000001545,1,88000000001564
89000000001546,1,88000000001471
89000000001547,2,"88000000001584,88000000007177"
89000000001548,1,88000000001559
89000000001549,1,88000000001629
89000000001550,1,88000000001527
89000000001551,1,88000000001526
89000000001552,1,88000000001637
89000000001553,1,88000000001641
89000000001554,1,88000000001544
89000000001555,1,88000000001574
89000000001556,1,88000000001541
89000000001557,1,88000000001583
89000000001558,1,88000000001430
89000000001560,2,"88000000001569,88000000013779"
89000000001561,2,"88000000001560,88000000011222"
89000000001562,1,88000000001441
89000000001563,1,88000000001581
89000000001564,1,88000000001094
89000000001566,1,88000000001588
89000000001567,1,88000000001354
89000000001569,1,88000000001688
89000000001570,1,88000000001577
89000000001571,1,88000000001778
89000000001572,1,88000000001562
89000000001573,1,88000000001595
89000000001574,1,88000000001405
89000000001575,1,88000000001556
89000000001576,1,88000000001551
89000000001577,1,88000000001624
89000000001578,1,88000000001478
89000000001579,1,88000000001657
89000000001580,1,88000000001654
89000000001581,1,88000000001539
89000000001582,1,88000000001346
89000000001583,1,88000000001517
89000000001584,1,88000000001032
89000000001585,1,88000000001647
89000000001586,1,88000000001553
89000000001589,1,88000000001597
89000000001590,1,88000000001609
89000000001591,1,88000000001612
89000000001592,1,88000000001685
89000000001593,1,88000000001662
89000000001594,1,88000000001630
89000000001595,1,88000000001592
89000000001596,1,88000000001591
89000000001597,1,88000000001573
89000000001598,1,88000000001460
89000000001599,1,88000000000707
89000000001600,1,88000000001555
89000000001601,1,88000000001327
89000000001602,2,"88000000001768,88000000004341"
89000000001603,1,88000000001671
89000000001604,1,88000000001643
89000000001605,1,88000000001576
89000000001606,1,88000000001723
89000000001607,1,88000000001638
89000000001608,1,88000000001614
89000000001609,1,88000000001640
89000000001610,1,88000000001611
89000000001611,1,88000000001543
89000000001612,1,88000000001644
89000000001613,1,88000000001669
89000000001614,1,88000000001674
89000000001615,1,88000000001634
89000000001616,1,88000000001751
89000000001617,1,88000000001385
89000000001618,1,88000000000891
89000000001619,1,88000000001622
89000000001620,1,88000000001679
89000000001621,1,88000000001652
89000000001622,1,88000000001798
89000000001623,1,88000000001708
89000000001624,1,88000000001663
89000000001625,1,88000000001263
89000000001626,1,88000000001594
89000000001627,1,88000000001650
89000000001628,1,88000000001600
89000000001629,1,88000000001823
89000000001630,1,88000000001596
89000000001631,1,88000000001617
89000000001632,1,88000000001667
89000000001633,1,88000000001655
89000000001634,1,88000000001547
89000000001635,1,88000000001618
89000000001636,1,88000000001698
89000000001637,1,88000000001633
89000000001638,1,88000000001303
89000000001639,1,88000000001682
89000000001640,2,"88000000001773,88000000005924"
89000000001641,1,88000000001704
89000000001642,1,88000000001656
89000000001643,1,88000000001689
89000000001644,1,88000000001593
89000000001645,1,88000000001738
89000000001646,1,88000000001728
89000000001647,2,"88000000001735,88000000009797"
89000000001648,1,88000000001694
89000000001650,1,88000000001692
89000000001651,1,88000000001677
89000000001652,1,88000000001616
89000000001653,2,"88000000001690,88000000007146"
89000000001654,1,88000000001668
89000000001655,1,88000000001711
89000000001656,1,88000000001665
89000000001657,2,"88000000001659,88000000013618"
89000000001658,1,88000000001636
89000000001659,1,88000000001757
89000000001660,1,88000000001675
89000000001661,1,88000000001676
89000000001662,1,88000000001714
89000000001663,1,88000000001686
89000000001664,1,88000000001129
89000000001665,1,88000000001684
89000000001666,1,88000000001578
89000000001667,1,88000000001673
89000000001668,1,88000000001740
89000000001670,1,88000000001691
89000000001671,1,88000000001658
89000000001672,1,88000000001777
89000000001673,1,88000000001701
89000000001674,1,88000000001809
89000000001675,1,88000000001700
89000000001676,1,88000000001681
89000000001677,1,88000000001683
89000000001678,1,88000000001722
89000000001679,1,88000000001753
89000000001680,1,88000000001601
89000000001681,1,88000000001706
89000000001682,1,88000000001756
89000000001683,1,88000000001702
89000000001684,1,88000000001606
89000000001685,1,88000000001615
89000000001686,1,88000000001718
89000000001688,1,88000000001687
89000000001689,1,88000000001590
89000000001690,1,88000000001765
89000000001691,1,88000000001789
89000000001692,1,88000000001646
89000000001693,1,88000000001729
89000000001694,2,"88000000001750,88000000009105"
89000000001695,1,88000000001726
89000000001696,1,88000000001724
89000000001697,1,88000000001697
89000000001698,1,88000000001721
89000000001699,1,88000000001877
89000000001700,1,88000000001719
89000000001701,1,88000000001631
89000000001702,1,88000000001670
89000000001703,1,88000000001745
89000000001704,1,88000000001759
89000000001705,1,88000000001774
89000000001706,2,"88000000001760,88000000015135"
89000000001708,1,88000000001710
89000000001709,1,88000000001786
89000000001710,1,88000000001727
89000000001711,1,88000000001715
89000000001712,1,88000000001705
89000000001713,1,88000000001766
89000000001714,1,88000000001764
89000000001715,2,"88000000001761,88000000013899"
89000000001716,1,88000000001406
89000000001718,1,88000000001890
89000000001719,1,88000000001703
89000000001720,1,88000000001730
89000000001721,1,88000000001772
89000000001722,1,88000000001713
89000000001723,1,88000000001754
89000000001724,1,88000000001782
89000000001725,1,88000000001779
89000000001726,1,88000000001712
89000000001727,1,88000000001771
89000000001728,1,88000000001744
89000000001729,1,88000000001797
89000000001730,1,88000000001733
89000000001731,1,88000000001957
89000000001732,1,88000000001546
89000000001733,1,88000000001783
89000000001734,1,88000000001815
89000000001735,1,88000000001792
89000000001736,1,88000000001639
89000000001737,1,88000000001743
89000000001738,1,88000000001775
89000000001739,1,88000000001452
89000000001740,1,88000000001716
89000000001741,1,88000000001585
89000000001742,1,88000000001748
89000000001743,1,88000000001784
89000000001744,1,88000000001785
89000000001745,1,88000000001790
89000000001746,1,88000000001820
89000000001747,1,88000000001752
89000000001748,1,88000000001937
89000000001749,1,88000000001758
89000000001750,1,88000000001746
89000000001751,1,88000000001767
89000000001752,1,88000000001294
89000000001753,1,88000000001806
89000000001754,1,88000000001366
89000000001755,1,88000000001791
89000000001756,1,88000000002043
89000000001757,1,88000000001787
89000000001758,1,88000000001796
89000000001759,1,88000000001908
89000000001760,1,88000000001799
89000000001761,1,88000000001504
89000000001762,1,88000000001661
89000000001763,1,88000000001678
89000000001764,1,88000000002189
89000000001765,1,88000000001805
89000000001766,1,88000000001807
89000000001767,1,88000000001800
89000000001769,1,88000000001839
89000000001770,1,88000000001840
89000000001771,1,88000000001788
89000000001772,1,88000000001801
89000000001773,1,88000000001763
89000000001774,1,88000000002046
89000000001775,1,88000000001828
89000000001776,1,88000000001831
89000000001777,1,88000000001561
89000000001778,2,"88000000001843,88000000019623"
89000000001779,1,88000000001916
89000000001780,1,88000000001536
89000000001781,1,88000000001627
89000000001783,1,88000000001542
89000000001784,1,88000000001833
89000000001785,1,88000000001794
89000000001786,1,88000000001936
89000000001787,1,88000000001672
89000000001788,1,88000000001859
89000000001789,1,88000000001862
89000000001790,1,88000000001804
89000000001791,1,88000000001816
89000000001792,1,88000000001803
89000000001793,1,88000000001825
89000000001794,1,88000000001709
89000000001795,1,88000000001802
89000000001796,1,88000000001707
89000000001797,1,88000000001808
89000000001798,2,"88000000001956,88000000012429"
89000000001799,1,88000000001793
89000000001800,1,88000000001737
89000000001801,1,88000000001830
89000000001802,1,88000000001762
89000000001803,1,88000000001821
89000000001804,1,88000000001812
89000000001805,1,88000000001824
89000000001806,1,88000000001359
89000000001807,1,88000000001795
89000000001808,1,88000000001717
89000000001809,1,88000000001901
89000000001810,2,"88000000001857,88000000010605"
89000000001811,1,88000000001699
89000000001812,1,88000000001905
89000000001813,1,88000000001945
89000000001814,1,88000000001935
89000000001815,1,88000000001827
89000000001816,1,88000000001849
89000000001817,1,88000000001865
89000000001818,1,88000000001846
89000000001819,1,88000000001934
89000000001820,1,88000000001917
89000000001821,1,88000000001447
89000000001822,1,88000000001838
89000000001823,1,88000000001842
89000000001824,1,88000000001826
89000000001825,1,88000000001834
89000000001826,1,88000000001836
89000000001827,1,88000000002050
89000000001828,1,88000000001845
89000000001829,1,88000000001875
89000000001830,1,88000000001930
89000000001831,1,88000000001818
89000000001832,1,88000000001856
89000000001833,1,88000000001848
89000000001834,1,88000000001810
89000000001835,1,88000000001814
89000000001836,1,88000000001860
89000000001838,1,88000000001832
89000000001839,1,88000000001863
89000000001840,1,88000000001881
89000000001841,1,88000000001567
89000000001842,1,88000000001980
89000000001843,1,88000000001867
89000000001844,1,88000000001749
89000000001845,1,88000000001882
89000000001846,1,88000000001851
89000000001847,1,88000000001911
89000000001848,1,88000000002129
89000000001849,2,"88000000001866,88000000005359"
89000000001850,1,88000000001868
89000000001851,1,88000000001899
89000000001852,1,88000000001996
89000000001853,1,88000000001876
89000000001854,1,88000000001879
89000000001855,1,88000000001969
89000000001856,1,88000000001495
89000000001857,1,88000000001893
89000000001858,1,88000000001910
89000000001861,1,88000000002029
89000000001862,1,88000000001813
89000000001863,1,88000000001653
89000000001864,1,88000000001855
89000000001865,1,88000000001864
89000000001866,1,88000000001968
89000000001867,1,88000000001885
89000000001869,1,88000000001880
89000000001870,2,"88000000001878,88000000011973"
89000000001871,1,88000000001895
89000000001872,1,88000000001889
89000000001873,1,88000000001906
89000000001874,1,88000000001892
89000000001875,1,88000000001947
89000000001876,1,88000000001927
89000000001877,1,88000000001850
89000000001878,1,88000000001873
89000000001879,1,88000000001926
89000000001880,2,"88000000001861,88000000007438"
89000000001881,1,88000000002097
89000000001882,1,88000000001918
89000000001883,1,88000000001902
89000000001885,1,88000000001965
89000000001886,1,88000000001896
89000000001888,1,88000000001651
89000000001889,2,"88000000001909,88000000011527"
89000000001890,1,88000000001951
89000000001891,1,88000000001739
89000000001892,2,"88000000002246,88000000009966"
89000000001893,1,88000000001928
89000000001894,1,88000000001874
89000000001895,1,88000000001903
89000000001896,1,88000000001852
89000000001897,1,88000000002254
89000000001898,1,88000000001921
89000000001899,1,88000000001741
89000000001900,1,88000000001942
89000000001901,2,"88000000001967,88000000016725"
89000000001902,1,88000000002180
89000000001904,1,88000000001891
89000000001905,1,88000000001920
89000000001906,1,88000000001904
89000000001907,1,88000000001886
89000000001908,1,88000000001929
89000000001909,1,88000000001925
89000000001910,1,88000000001943
89000000001911,1,88000000001960
89000000001912,1,88000000001923
89000000001914,1,88000000001919
89000000001915,1,88000000001883
89000000001916,1,88000000001914
89000000001917,1,88000000001958
89000000001918,1,88000000001944
89000000001919,1,88000000001961
89000000001920,1,88000000001898
89000000001921,1,88000000001962
89000000001922,1,88000000002039
89000000001923,1,88000000001953
89000000001924,1,88000000002011
89000000001925,1,88000000001449
89000000001926,1,88000000001939
89000000001927,1,88000000001940
89000000001928,2,"88000000002465,88000000020573"
89000000001929,1,88000000001932
89000000001930,1,88000000001983
89000000001932,2,"88000000001829,88000000008327"
89000000001933,1,88000000001941
89000000001934,1,88000000001959
89000000001935,1,88000000001946
89000000001936,1,88000000002384
89000000001937,1,88000000002439
89000000001938,1,88000000002028
89000000001939,1,88000000001973
89000000001940,1,88000000002033
89000000001941,1,88000000001971
89000000001942,1,88000000001979
89000000001943,1,88000000001922
89000000001944,1,88000000001938
89000000001945,1,88000000002026
89000000001946,1,88000000001924
89000000001947,1,88000000001931
89000000001948,1,88000000001955
89000000001949,1,88000000001998
89000000001950,1,88000000001992
89000000001951,1,88000000002023
89000000001952,1,88000000002833
89000000001953,2,"88000000001954,88000000004690"
89000000001954,1,88000000001975
89000000001955,1,88000000001987
89000000001956,1,88000000002047
89000000001957,2,"88000000002010,88000000006515"
89000000001958,1,88000000001964
89000000001959,1,88000000001817
89000000001960,1,88000000001613
89000000001961,1,88000000002019
89000000001962,1,88000000001970
89000000001963,1,88000000002035
89000000001964,1,88000000001994
89000000001965,1,88000000001990
89000000001966,2,"88000000001978,88000000010087"
89000000001967,1,88000000002022
89000000001968,1,88000000001986
89000000001969,1,88000000002027
89000000001970,1,88000000002123
89000000001971,1,88000000001438
89000000001972,1,88000000001948
89000000001973,1,88000000002067
89000000001974,1,88000000001993
89000000001975,1,88000000001586
89000000001976,1,88000000002111
89000000001977,1,88000000002078
89000000001978,1,88000000001974
89000000001979,1,88000000001966
89000000001980,1,88000000001972
89000000001981,1,88000000001963
89000000001982,1,88000000002018
89000000001983,1,88000000002021
89000000001984,1,88000000001311
89000000001985,1,88000000002081
89000000001986,1,88000000001976
89000000001987,1,88000000001950
89000000001988,1,88000000002141
89000000001989,1,88000000002002
89000000001990,2,"88000000002093,88000000006989"
89000000001991,1,88000000002007
89000000001992,1,88000000002015
89000000001993,1,88000000002058
89000000001994,1,88000000002025
89000000001995,1,88000000001900
89000000001996,2,"88000000002095,88000000013366"
89000000001997,1,88000000001847
89000000001998,1,88000000002005
89000000001999,1,88000000002045
89000000002000,2,"88000000002283,88000000004337"
89000000002001,1,88000000001912
89000000002002,1,88000000001888
89000000002003,1,88000000002036
89000000002004,1,88000000002000
89000000002005,1,88000000001844
89000000002006,1,88000000002001
89000000002007,1,88000000002040
89000000002008,1,88000000002063
89000000002009,1,88000000002153
89000000002010,1,88000000001811
89000000002011,1,88000000001995
89000000002012,1,88000000002062
89000000002013,1,88000000001343
89000000002015,1,88000000002118
89000000002016,1,88000000002012
89000000002017,2,"88000000002099,88000000014521"
89000000002018,1,88000000001988
89000000002019,1,88000000002024
89000000002020,1,88000000002109
89000000002021,1,88000000002083
89000000002022,1,88000000002044
89000000002023,1,88000000001731
89000000002024,1,88000000002008
89000000002025,1,88000000002042
89000000002026,1,88000000002034
89000000002027,1,88000000002161
89000000002029,1,88000000002159
89000000002030,1,88000000002003
89000000002033,1,88000000001982
89000000002034,1,88000000002059
89000000002035,1,88000000002041
89000000002036,1,88000000002030
89000000002038,1,88000000002115
89000000002039,1,88000000002004
89000000002040,1,88000000002186
89000000002041,1,88000000002037
89000000002042,1,88000000002150
89000000002043,1,88000000002014
89000000002044,1,88000000002198
89000000002045,1,88000000002187
89000000002046,1,88000000002056
89000000002047,1,88000000002057
89000000002048,1,88000000002064
89000000002049,1,88000000002052
89000000002050,1,88000000002073
89000000002051,1,88000000001991
89000000002053,1,88000000002051
89000000002054,1,88000000002152
89000000002055,1,88000000002267
89000000002056,1,88000000001680
89000000002057,1,88000000002020
89000000002058,1,88000000002071
89000000002059,1,88000000002126
89000000002060,1,88000000002208
89000000002061,1,88000000001915
89000000002062,1,88000000001989
89000000002063,1,88000000002070
89000000002065,1,88000000002102
89000000002066,1,88000000002079
89000000002067,1,88000000002114
89000000002068,2,"88000000002192,88000000013432"
89000000002069,1,88000000002100
89000000002070,1,88000000002055
89000000002071,1,88000000002075
89000000002072,1,88000000002637
89000000002073,1,88000000002142
89000000002074,2,"88000000002091,88000000005262"
89000000002075,1,88000000002089
89000000002076,1,88000000002032
89000000002077,1,88000000002182
89000000002078,1,88000000002084
89000000002079,1,88000000002065
89000000002080,1,88000000002113
89000000002081,1,88000000002144
89000000002082,1,88000000002086
89000000002083,1,88000000002009
89000000002084,1,88000000002080
89000000002085,1,88000000002145
89000000002086,1,88000000002066
89000000002087,1,88000000002410
89000000002088,1,88000000002135
89000000002089,1,88000000002134
89000000002090,1,88000000002072
89000000002091,1,88000000002110
89000000002092,1,88000000002158
89000000002093,1,88000000002112
89000000002094,1,88000000002105
89000000002095,1,88000000002128
89000000002096,1,88000000003272
89000000002097,1,88000000002268
89000000002098,1,88000000002054
89000000002099,1,88000000002103
89000000002100,1,88000000002160
89000000002101,1,88000000002107
89000000002102,1,88000000002017
89000000002104,1,88000000002163
89000000002105,1,88000000002076
89000000002106,1,88000000002098
89000000002107,1,88000000002177
89000000002108,1,88000000002068
89000000002109,2,"88000000002185,88000000009891"
89000000002110,1,88000000002069
89000000002111,1,88000000002136
89000000002112,1,88000000002088
89000000002113,1,88000000002092
89000000002114,1,88000000002048
89000000002115,1,88000000002125
89000000002116,1,88000000002104
89000000002117,1,88000000002720
89000000002118,1,88000000002132
89000000002119,1,88000000002148
89000000002120,1,88000000002090
89000000002121,1,88000000002117
89000000002122,1,88000000002155
89000000002123,1,88000000002194
89000000002124,1,88000000002181
89000000002125,1,88000000002006
89000000002126,1,88000000002108
89000000002127,1,88000000002122
89000000002128,1,88000000002206
89000000002129,1,88000000002131
89000000002130,1,88000000002101
89000000002131,1,88000000002212
89000000002132,1,88000000002591
89000000002133,2,"88000000002154,88000000017218"
89000000002134,1,88000000002201
89000000002135,1,88000000002216
89000000002136,1,88000000001933
89000000002137,1,88000000001981
89000000002138,1,88000000002119
89000000002139,1,88000000002290
89000000002140,1,88000000002248
89000000002141,1,88000000002146
89000000002142,1,88000000002203
89000000002143,1,88000000002156
89000000002144,1,88000000002202
89000000002145,1,88000000001520
89000000002146,1,88000000002241
89000000002147,2,"88000000002229,88000000010355"
89000000002148,1,88000000002167
89000000002149,1,88000000002157
89000000002150,1,88000000002193
89000000002151,1,88000000002178
89000000002152,1,88000000002074
89000000002153,1,88000000002240
89000000002154,1,88000000002174
89000000002155,1,88000000002133
89000000002156,1,88000000002162
89000000002157,1,88000000002199
89000000002158,1,88000000002188
89000000002159,1,88000000002292
89000000002160,1,88000000002147
89000000002161,1,88000000002228
89000000002162,1,88000000002096
89000000002163,1,88000000002184
89000000002164,1,88000000002124
89000000002165,1,88000000002253
89000000002166,1,88000000002179
89000000002167,1,88000000002106
89000000002168,1,88000000002149
89000000002171,1,88000000002225
89000000002172,1,88000000002232
89000000002173,1,88000000001952
89000000002175,1,88000000002165
89000000002176,1,88000000002166
89000000002177,1,88000000002196
89000000002178,1,88000000002213
89000000002179,1,88000000002272
89000000002180,1,88000000002170
89000000002181,1,88000000002176
89000000002182,1,88000000002214
89000000002183,1,88000000002218
89000000002184,1,88000000002204
89000000002185,1,88000000002571
89000000002186,1,88000000001780
89000000002188,1,88000000002200
89000000002189,1,88000000002235
89000000002190,1,88000000002210
89000000002191,1,88000000002085
89000000002192,1,88000000002207
89000000002193,1,88000000002211
89000000002194,1,88000000002215
89000000002195,1,88000000002323
89000000002196,1,88000000002171
89000000002197,1,88000000002230
89000000002198,1,88000000002269
89000000002199,2,"88000000002262,88000000009735"
89000000002200,1,88000000002183
89000000002201,1,88000000002031
89000000002202,1,88000000002172
89000000002203,1,88000000002331
89000000002204,1,88000000002233
89000000002205,1,88000000002219
89000000002206,1,88000000002244
89000000002207,1,88000000002224
89000000002208,1,88000000002342
89000000002209,1,88000000002255
89000000002210,1,88000000002221
89000000002211,1,88000000002393
89000000002212,1,88000000002256
89000000002213,1,88000000002061
89000000002214,1,88000000002151
89000000002215,1,88000000002260
89000000002216,1,88000000002291
89000000002217,1,88000000002195
89000000002218,1,88000000002309
89000000002219,1,88000000002318
89000000002220,1,88000000002263
89000000002221,1,88000000002140
89000000002222,1,88000000002237
89000000002223,1,88000000002138
89000000002224,1,88000000002429
89000000002225,1,88000000002368
89000000002226,2,"88000000002278,88000000013481"
89000000002227,1,88000000002276
89000000002228,1,88000000002383
89000000002229,1,88000000002243
89000000002230,2,"88000000002396,88000000006604"
89000000002231,1,88000000002222
89000000002232,1,88000000002130
89000000002233,1,88000000002304
89000000002234,1,88000000002164
89000000002235,1,88000000002258
89000000002236,1,88000000002358
89000000002237,1,88000000002322
89000000002238,1,88000000002282
89000000002239,1,88000000002285
89000000002240,1,88000000002238
89000000002241,2,"88000000002522,88000000013940"
89000000002242,1,88000000002277
89000000002243,1,88000000002173
89000000002244,1,88000000002273
89000000002245,1,88000000002467
89000000002246,2,"88000000002287,88000000018211"
89000000002247,1,88000000002236
89000000002248,1,88000000002294
89000000002249,1,88000000002252
89000000002250,1,88000000002121
89000000002251,1,88000000002548
89000000002253,1,88000000002405
89000000002254,1,88000000002169
89000000002255,1,88000000002328
89000000002256,1,88000000002310
89000000002257,2,"88000000002227,88000000013127"
89000000002258,1,88000000002251
89000000002259,1,88000000002168
89000000002260,1,88000000002239
89000000002261,1,88000000002234
89000000002262,1,88000000002226
89000000002263,1,88000000002231
89000000002264,1,88000000002242
89000000002265,1,88000000002060
89000000002266,1,88000000002314
89000000002267,1,88000000002270
89000000002268,1,88000000002312
89000000002269,1,88000000002349
89000000002270,1,88000000002329
89000000002271,1,88000000002306
89000000002272,1,88000000002261
89000000002273,1,88000000002175
89000000002274,1,88000000002367
89000000002275,1,88000000002217
89000000002276,1,88000000002284
89000000002278,1,88000000002293
89000000002279,2,"88000000002489,88000000018581"
89000000002280,2,"88000000002385,88000000015307"
89000000002281,1,88000000002223
89000000002282,1,88000000002275
89000000002283,1,88000000002209
89000000002284,2,"88000000002344,88000000012950"
89000000002285,1,88000000002353
89000000002286,1,88000000002370
89000000002287,1,88000000002271
89000000002288,1,88000000002279
89000000002289,1,88000000002265
89000000002290,1,88000000002289
89000000002291,1,88000000002326
89000000002292,1,88000000002315
89000000002293,1,88000000002297
89000000002294,1,88000000002359
89000000002295,1,88000000002341
89000000002296,2,"88000000002530,88000000019757"
89000000002297,1,88000000002354
89000000002298,1,88000000002350
89000000002299,1,88000000002301
89000000002300,1,88000000002362
89000000002301,1,88000000002299
89000000002302,1,88000000002574
89000000002303,1,88000000002137
89000000002304,1,88000000002418
89000000002305,1,88000000002395
89000000002306,1,88000000002508
89000000002307,1,88000000002520
89000000002308,1,88000000002245
89000000002309,1,88000000002298
89000000002310,1,88000000002361
89000000002311,1,88000000002340
89000000002312,1,88000000002295
89000000002313,1,88000000002347
89000000002314,1,88000000002288
89000000002315,1,88000000002381
89000000002316,1,88000000002438
89000000002317,1,88000000002259
89000000002318,1,88000000002334
89000000002319,1,88000000001457
89000000002320,1,88000000002482
89000000002321,1,88000000002280
89000000002322,1,88000000002320
89000000002323,1,88000000002372
89000000002324,1,88000000002302
89000000002325,1,88000000002330
89000000002326,1,88000000002313
89000000002327,1,88000000002300
89000000002328,1,88000000002386
89000000002329,1,88000000002274
89000000002330,1,88000000002317
89000000002331,1,88000000002376
89000000002332,2,"88000000002120,88000000015375"
89000000002333,1,88000000002365
89000000002334,1,88000000002296
89000000002335,1,88000000002357
89000000002336,1,88000000002356
89000000002337,2,"88000000002307,88000000010831"
89000000002338,1,88000000002082
89000000002339,1,88000000002394
89000000002340,1,88000000002377
89000000002341,1,88000000002346
89000000002342,1,88000000002371
89000000002343,1,88000000002311
89000000002345,2,"88000000002390,88000000008654"
89000000002346,2,"88000000002416,88000000016770"
89000000002347,1,88000000002447
89000000002348,1,88000000002503
89000000002349,1,88000000002351
89000000002350,1,88000000002355
89000000002351,1,88000000002486
89000000002352,1,88000000002490
89000000002353,1,88000000002339
89000000002354,2,"88000000002653,88000000013197"
89000000002355,1,88000000002337
89000000002356,1,88000000002363
89000000002357,1,88000000002382
89000000002358,1,88000000002303
89000000002359,1,88000000002408
89000000002360,1,88000000002529
89000000002361,1,88000000002421
89000000002362,1,88000000002443
89000000002363,1,88000000002345
89000000002364,1,88000000002428
89000000002365,1,88000000002249
89000000002366,1,88000000002434
89000000002367,1,88000000002506
89000000002368,1,88000000002498
89000000002369,1,88000000002360
89000000002371,1,88000000002197
89000000002372,1,88000000002476
89000000002373,1,88000000002451
89000000002374,1,88000000002616
89000000002375,1,88000000002492
89000000002376,1,88000000001984
89000000002377,1,88000000002630
89000000002378,1,88000000002205
89000000002379,1,88000000002333
89000000002380,1,88000000002742
89000000002381,1,88000000002422
89000000002382,1,88000000002369
89000000002383,1,88000000002454
89000000002384,1,88000000002364
89000000002385,1,88000000002430
89000000002386,1,88000000002452
89000000002387,1,88000000002316
89000000002388,1,88000000002424
89000000002389,3,"88000000002635,88000000005293,88000000021109"
89000000002390,1,88000000002327
89000000002391,1,88000000002373
89000000002392,1,88000000002264
89000000002393,1,88000000002414
89000000002394,1,88000000002474
89000000002395,1,88000000002392
89000000002396,1,88000000002442
89000000002397,1,88000000002417
89000000002398,1,88000000002500
89000000002399,1,88000000002399
89000000002400,1,88000000002437
89000000002401,1,88000000002413
89000000002402,1,88000000002191
89000000002403,1,88000000002415
89000000002404,1,88000000003033
89000000002405,1,88000000002400
89000000002406,1,88000000002387
89000000002407,1,88000000003160
89000000002408,1,88000000002519
89000000002409,1,88000000002453
89000000002410,1,88000000002879
89000000002411,1,88000000002540
89000000002412,2,"88000000002450,88000000010324"
89000000002414,1,88000000002427
89000000002416,1,88000000002553
89000000002417,1,88000000002388
89000000002418,1,88000000002433
89000000002419,1,88000000002545
89000000002420,1,88000000002487
89000000002421,1,88000000002656
89000000002422,1,88000000002457
89000000002423,1,88000000002432
89000000002424,1,88000000002461
89000000002425,1,88000000002404
89000000002426,1,88000000002444
89000000002427,1,88000000002470
89000000002428,1,88000000002472
89000000002429,1,88000000002445
89000000002430,1,88000000002475
89000000002431,1,88000000002324
89000000002432,1,88000000002389
89000000002433,1,88000000002485
89000000002434,1,88000000002607
89000000002435,1,88000000002446
89000000002436,1,88000000002598
89000000002437,1,88000000002473
89000000002438,1,88000000001635
89000000002439,1,88000000002319
89000000002441,1,88000000002471
89000000002442,1,88000000002512
89000000002443,2,"88000000002514,88000000010675"
89000000002444,1,88000000002463
89000000002446,1,88000000002409
89000000002447,1,88000000002581
89000000002448,1,88000000002969
89000000002449,1,88000000002866
89000000002450,1,88000000001642
89000000002451,1,88000000002257
89000000002452,1,88000000002709
89000000002453,1,88000000002127
89000000002454,2,"88000000002448,88000000018373"
89000000002455,1,88000000002391
89000000002456,1,88000000002499
89000000002457,1,88000000002412
89000000002458,1,88000000002458
89000000002459,1,88000000002515
89000000002460,1,88000000002406
89000000002461,1,88000000002468
89000000002462,1,88000000002502
89000000002463,1,88000000002407
89000000002464,1,88000000002552
89000000002465,1,88000000002459
89000000002466,1,88000000002478
89000000002467,2,"88000000002480,88000000013169"
89000000002468,1,88000000002536
89000000002469,1,88000000002538
89000000002470,1,88000000002494
89000000002471,1,88000000002737
89000000002472,1,88000000002560
89000000002473,1,88000000002426
89000000002474,1,88000000002596
89000000002475,1,88000000002716
89000000002476,1,88000000002513
89000000002477,1,88000000002497
89000000002478,1,88000000002491
89000000002479,1,88000000002525
89000000002480,1,88000000002587
89000000002481,1,88000000002440
89000000002483,1,88000000002379
89000000002484,1,88000000002518
89000000002485,1,88000000002509
89000000002486,1,88000000002580
89000000002487,1,88000000002561
89000000002488,1,88000000002577
89000000002489,1,88000000002920
89000000002490,1,88000000002469
89000000002491,1,88000000002533
89000000002492,1,88000000002539
89000000002493,1,88000000002523
89000000002494,1,88000000002501
89000000002495,1,88000000002628
89000000002496,1,88000000002562
89000000002497,1,88000000002505
89000000002498,1,88000000002420
89000000002499,1,88000000002462
89000000002500,1,88000000002613
89000000002501,1,88000000002799
89000000002502,1,88000000002510
89000000002503,1,88000000002464
89000000002504,1,88000000002595
89000000002505,1,88000000002542
89000000002506,1,88000000002398
89000000002507,1,88000000002488
89000000002508,1,88000000002526
89000000002509,1,88000000002594
89000000002510,1,88000000002639
89000000002511,1,88000000002683
89000000002512,1,88000000002590
89000000002513,1,88000000002566
89000000002514,1,88000000002343
89000000002515,1,88000000002524
89000000002516,1,88000000002423
89000000002517,1,88000000002600
89000000002518,1,88000000002570
89000000002519,1,88000000002507
89000000002520,1,88000000002378
89000000002521,1,88000000002537
89000000002522,1,88000000002380
89000000002523,1,88000000002455
89000000002524,1,88000000002496
89000000002525,1,88000000002550
89000000002526,1,88000000002049
89000000002527,1,88000000002521
89000000002528,1,88000000002556
89000000002529,1,88000000002546
89000000002530,1,88000000002543
89000000002531,1,88000000002579
89000000002532,1,88000000002658
89000000002534,1,88000000002904
89000000002535,1,88000000002568
89000000002536,1,88000000002626
89000000002537,1,88000000002588
89000000002538,1,88000000002352
89000000002539,1,88000000002619
89000000002540,1,88000000002544
89000000002541,1,88000000002585
89000000002542,1,88000000002576
89000000002543,1,88000000002691
89000000002544,1,88000000002606
89000000002545,1,88000000002495
89000000002546,1,88000000002554
89000000002547,1,88000000002466
89000000002548,1,88000000002603
89000000002549,1,88000000002143
89000000002550,1,88000000002597
89000000002551,1,88000000002558
89000000002552,1,88000000002668
89000000002553,1,88000000002583
89000000002554,1,88000000002589
89000000002555,1,88000000002629
89000000002556,1,88000000002610
89000000002557,1,88000000002456
89000000002558,1,88000000002557
89000000002559,1,88000000002624
89000000002561,1,88000000002547
89000000002562,1,88000000002573
89000000002563,1,88000000002532
89000000002564,1,88000000002435
89000000002565,1,88000000002564
89000000002566,1,88000000002725
89000000002567,1,88000000002849
89000000002568,1,88000000002592
89000000002570,1,88000000002534
89000000002571,1,88000000002528
89000000002572,1,88000000002685
89000000002573,1,88000000002618
89000000002574,1,88000000002654
89000000002575,1,88000000002699
89000000002576,1,88000000002620
89000000002577,1,88000000002504
89000000002578,1,88000000002599
89000000002579,1,88000000002460
89000000002580,1,88000000002516
89000000002581,1,88000000002436
89000000002582,1,88000000002551
89000000002583,1,88000000002601
89000000002584,1,88000000002484
89000000002585,1,88000000002841
89000000002586,1,88000000002483
89000000002587,1,88000000002702
89000000002588,1,88000000002593
89000000002589,1,88000000002565
89000000002590,1,88000000002740
89000000002591,1,88000000003077
89000000002592,1,88000000002665
89000000002593,1,88000000002746
89000000002594,1,88000000003785
89000000002595,1,88000000002608
89000000002596,1,88000000001999
89000000002597,1,88000000002578
89000000002598,1,88000000002567
89000000002599,1,88000000002661
89000000002600,1,88000000002646
89000000002601,2,"88000000003422,88000000018031"
89000000002602,1,88000000002572
89000000002604,1,88000000002655
89000000002605,1,88000000002640
89000000002606,1,88000000001769
89000000002607,1,88000000002621
89000000002608,1,88000000002700
89000000002609,1,88000000002605
89000000002610,1,88000000002666
89000000002611,1,88000000003157
89000000002612,1,88000000002634
89000000002613,1,88000000002723
89000000002614,1,88000000002286
89000000002615,1,88000000002650
89000000002616,1,88000000002670
89000000002617,1,88000000002715
89000000002618,1,88000000002704
89000000002619,1,88000000002821
89000000002620,1,88000000002582
89000000002622,1,88000000002611
89000000002623,1,88000000002674
89000000002624,1,88000000002727
89000000002625,1,88000000002806
89000000002626,1,88000000002649
89000000002627,1,88000000002659
89000000002628,1,88000000002625
89000000002629,1,88000000002617
89000000002630,1,88000000002726
89000000002631,1,88000000002403
89000000002632,1,88000000002681
89000000002633,1,88000000002705
89000000002634,1,88000000002087
89000000002635,1,88000000002652
89000000002636,1,88000000002673
89000000002637,1,88000000002614
89000000002638,1,88000000002664
89000000002639,1,88000000002692
89000000002640,1,88000000002865
89000000002641,1,88000000002563
89000000002642,1,88000000002660
89000000002643,1,88000000002651
89000000002644,2,"88000000002623,88000000019722"
89000000002645,1,88000000002527
89000000002646,1,88000000002677
89000000002647,1,88000000002687
89000000002648,1,88000000002671
89000000002649,1,88000000002638
89000000002650,1,88000000001853
89000000002651,1,88000000002772
89000000002652,1,88000000002631
89000000002653,1,88000000002696
89000000002654,1,88000000002828
89000000002655,1,88000000002680
89000000002656,1,88000000002839
89000000002657,1,88000000002870
89000000002658,1,88000000002718
89000000002659,1,88000000002729
89000000002660,1,88000000002688
89000000002661,1,88000000002636
89000000002663,1,88000000002689
89000000002664,1,88000000002678
89000000002665,1,88000000002810
89000000002666,1,88000000002247
89000000002667,1,88000000002632
89000000002668,1,88000000002706
89000000002669,1,88000000003535
89000000002670,1,88000000002818
89000000002671,1,88000000002667
89000000002672,1,88000000002781
89000000002674,1,88000000002710
89000000002675,1,88000000002814
89000000002676,1,88000000002694
89000000002677,1,88000000002724
89000000002678,1,88000000002648
89000000002679,1,88000000002778
89000000002680,1,88000000002375
89000000002681,1,88000000001589
89000000002682,1,88000000002905
89000000002683,1,88000000002559
89000000002684,1,88000000002733
89000000002685,2,"88000000002795,88000000009668"
89000000002686,1,88000000002693
89000000002687,1,88000000002586
89000000002688,1,88000000002757
89000000002689,1,88000000002759
89000000002690,1,88000000002732
89000000002691,1,88000000002675
89000000002692,1,88000000002701
89000000002693,1,88000000002647
89000000002694,1,88000000002754
89000000002695,1,88000000002779
89000000002696,1,88000000002684
89000000002697,1,88000000002305
89000000002698,1,88000000002859
89000000002699,1,88000000002735
89000000002700,1,88000000002728
89000000002701,1,88000000002813
89000000002702,1,88000000002769
89000000002703,1,88000000002722
89000000002704,1,88000000002645
89000000002705,1,88000000002602
89000000002706,1,88000000002993
89000000002707,1,88000000002748
89000000002709,1,88000000002797
89000000002710,1,88000000002703
89000000002711,1,88000000002721
89000000002712,1,88000000001871
89000000002713,1,88000000002877
89000000002714,1,88000000002790
89000000002715,1,88000000002743
89000000002716,1,88000000002644
89000000002717,1,88000000002730
89000000002718,1,88000000002663
89000000002719,1,88000000002917
89000000002720,1,88000000002832
89000000002721,1,88000000002641
89000000002722,1,88000000002817
89000000002723,1,88000000002338
89000000002724,1,88000000002698
89000000002725,1,88000000002874
89000000002726,1,88000000002782
89000000002727,1,88000000002690
89000000002728,1,88000000002738
89000000002730,1,88000000002852
89000000002731,1,88000000002535
89000000002732,1,88000000002686
89000000002733,1,88000000002794
89000000002734,2,"88000000002913,88000000020811"
89000000002735,1,88000000002838
89000000002736,1,88000000002851
89000000002737,1,88000000002419
89000000002738,1,88000000002842
89000000002739,1,88000000002739
89000000002740,1,88000000002823
89000000002741,1,88000000002771
89000000002742,1,88000000002751
89000000002743,1,88000000002669
89000000002744,1,88000000002708
89000000002745,1,88000000002741
89000000002746,1,88000000002775
89000000002747,1,88000000002679
89000000002748,1,88000000002734
89000000002749,1,88000000002804
89000000002750,1,88000000002773
89000000002751,1,88000000002935
89000000002752,1,88000000002926
89000000002753,1,88000000002707
89000000002754,1,88000000002869
89000000002755,1,88000000002615
89000000002756,1,88000000002835
89000000002757,1,88000000003964
89000000002758,1,88000000002717
89000000002759,1,88000000002755
89000000002760,1,88000000002881
89000000002761,1,88000000002479
89000000002762,1,88000000002793
89000000002763,1,88000000002697
89000000002764,2,"88000000002753,88000000016493"
89000000002765,1,88000000002672
89000000002766,1,88000000002762
89000000002768,1,88000000002761
89000000002769,1,88000000002826
89000000002770,1,88000000002787
89000000002771,1,88000000002808
89000000002772,1,88000000002939
89000000002774,1,88000000002511
89000000002775,1,88000000002760
89000000002776,1,88000000002977
89000000002778,1,88000000002822
89000000002779,1,88000000002768
89000000002780,1,88000000002834
89000000002782,1,88000000002493
89000000002783,1,88000000002791
89000000002785,1,88000000002889
89000000002786,2,"88000000002812,88000000012708"
89000000002787,2,"88000000002809,88000000012203"
89000000002788,1,88000000002756
89000000002789,1,88000000002695
89000000002790,1,88000000002805
89000000002791,1,88000000002786
89000000002794,2,"88000000002918,88000000006571"
89000000002795,1,88000000002712
89000000002796,1,88000000002846
89000000002797,1,88000000002758
89000000002798,1,88000000002774
89000000002799,1,88000000002785
89000000002800,1,88000000003065
89000000002801,1,88000000002745
89000000002802,1,88000000002853
89000000002803,1,88000000002836
89000000002804,1,88000000002747
89000000002805,1,88000000002796
89000000002806,1,88000000002784
89000000002807,1,88000000002882
89000000002808,1,88000000002909
89000000002809,1,88000000002830
89000000002810,1,88000000002767
89000000002811,1,88000000002831
89000000002812,1,88000000002861
89000000002813,1,88000000002801
89000000002814,1,88000000002945
89000000002817,1,88000000002824
89000000002818,1,88000000002803
89000000002819,1,88000000002325
89000000002820,1,88000000002827
89000000002821,1,88000000002840
89000000002822,1,88000000003008
89000000002823,1,88000000002886
89000000002824,2,"88000000003002,88000000015379"
89000000002825,1,88000000002930
89000000002826,1,88000000002848
89000000002827,1,88000000002837
89000000002828,1,88000000002332
89000000002829,1,88000000002906
89000000002831,1,88000000002933
89000000002832,1,88000000002876
89000000002833,1,88000000002862
89000000002834,1,88000000002911
89000000002835,1,88000000002858
89000000002836,1,88000000002622
89000000002838,1,88000000002802
89000000002839,1,88000000002820
89000000002840,1,88000000003005
89000000002842,1,88000000002816
89000000002843,1,88000000002843
89000000002844,1,88000000002829
89000000002845,1,88000000002807
89000000002846,1,88000000002868
89000000002847,1,88000000002777
89000000002849,1,88000000002880
89000000002850,1,88000000002856
89000000002851,1,88000000002864
89000000002852,1,88000000002896
89000000002853,1,88000000002765
89000000002854,1,88000000003108
89000000002855,2,"88000000002932,88000000016065"
89000000002857,1,88000000002736
89000000002859,1,88000000002845
89000000002860,1,88000000002971
89000000002861,1,88000000001884
89000000002862,1,88000000002892
89000000002863,1,88000000002847
89000000002864,1,88000000002348
89000000002865,1,88000000002825
89000000002866,1,88000000002947
89000000002867,1,88000000002819
89000000002868,1,88000000002815
89000000002869,1,88000000002965
89000000002871,1,88000000002998
89000000002872,1,88000000002750
89000000002873,1,88000000001897
89000000002874,1,88000000002857
89000000002875,1,88000000003236
89000000002876,1,88000000003188
89000000002877,1,88000000002959
89000000002878,1,88000000002966
89000000002879,1,88000000002873
89000000002880,1,88000000004036
89000000002881,1,88000000003038
89000000002882,1,88000000002676
89000000002883,1,88000000002887
89000000002884,1,88000000002604
89000000002885,1,88000000003014
89000000002886,1,88000000003060
89000000002887,1,88000000003312
89000000002888,1,88000000002940
89000000002889,1,88000000003230
89000000002890,1,88000000002921
89000000002891,1,88000000002888
89000000002892,1,88000000002872
89000000002893,1,88000000002875
89000000002894,2,"88000000003125,88000000016587"
89000000002895,1,88000000002975
89000000002897,2,"88000000003000,88000000005630"
89000000002898,1,88000000002893
89000000002899,1,88000000003046
89000000002900,1,88000000002549
89000000002901,1,88000000002884
89000000002902,1,88000000002850
89000000002903,1,88000000002871
89000000002904,1,88000000002752
89000000002906,1,88000000002974
89000000002907,1,88000000002900
89000000002908,1,88000000002891
89000000002909,1,88000000002929
89000000002910,1,88000000002948
89000000002911,1,88000000002936
89000000002912,1,88000000002952
89000000002913,1,88000000002924
89000000002914,1,88000000002937
89000000002915,1,88000000002898
89000000002916,1,88000000002950
89000000002917,1,88000000002967
89000000002918,1,88000000002954
89000000002919,1,88000000002890
89000000002920,1,88000000003026
89000000002921,1,88000000003120
89000000002922,1,88000000002789
89000000002923,1,88000000002763
89000000002924,1,88000000002985
89000000002925,1,88000000002978
89000000002926,1,88000000002982
89000000002927,1,88000000002981
89000000002928,1,88000000002980
89000000002929,1,88000000003001
89000000002930,1,88000000002863
89000000002931,1,88000000002895
89000000002932,1,88000000002894
89000000002933,1,88000000002792
89000000002934,1,88000000002958
89000000002935,1,88000000003036
89000000002936,1,88000000002907
89000000002937,1,88000000002943
89000000002938,1,88000000003009
89000000002939,1,88000000001907
89000000002940,1,88000000003074
89000000002941,1,88000000002633
89000000002942,1,88000000002953
89000000002943,1,88000000001732
89000000002944,1,88000000002942
89000000002945,1,88000000002657
89000000002946,1,88000000003017
89000000002947,1,88000000003031
89000000002948,1,88000000002878
89000000002949,1,88000000003041
89000000002950,1,88000000003682
89000000002951,1,88000000002923
89000000002952,1,88000000002844
89000000002953,1,88000000002962
89000000002954,1,88000000002964
89000000002955,1,88000000002991
89000000002956,1,88000000002956
89000000002957,1,88000000003177
89000000002958,1,88000000003226
89000000002959,1,88000000002992
89000000002960,1,88000000002944
89000000002961,1,88000000003016
89000000002962,1,88000000003206
89000000002963,1,88000000002949
89000000002964,1,88000000003004
89000000002965,1,88000000002963
89000000002966,1,88000000004281
89000000002967,1,88000000003011
89000000002968,1,88000000003089
89000000002969,1,88000000002990
89000000002970,1,88000000003048
89000000002971,1,88000000003115
89000000002974,1,88000000002903
89000000002975,1,88000000003136
89000000002976,1,88000000003067
89000000002977,1,88000000003091
89000000002978,1,88000000003076
89000000002979,1,88000000002910
89000000002980,1,88000000002986
89000000002981,2,"88000000002960,88000000019237"
89000000002982,1,88000000002972
89000000002983,1,88000000002335
89000000002984,1,88000000002860
89000000002985,1,88000000002999
89000000002986,1,88000000003047
89000000002988,1,88000000002938
89000000002989,1,88000000003176
89000000002990,1,88000000002973
89000000002992,1,88000000003021
89000000002993,1,88000000003119
89000000002994,1,88000000003096
89000000002995,1,88000000003032
89000000002996,1,88000000003028
89000000002997,1,88000000002927
89000000002998,1,88000000002997
89000000002999,1,88000000003018
89000000003000,1,88000000003040
89000000003001,1,88000000003012
89000000003002,1,88000000003252
89000000003003,1,88000000002908
89000000003004,1,88000000003019
89000000003005,1,88000000003059
89000000003006,1,88000000003035
89000000003007,1,88000000003087
89000000003008,1,88000000002996
89000000003009,1,88000000003003
89000000003010,1,88000000003020
89000000003011,1,88000000002931
89000000003012,1,88000000002995
89000000003013,1,88000000003110
89000000003014,1,88000000003180
89000000003016,1,88000000003056
89000000003017,1,88000000003072
89000000003018,1,88000000002788
89000000003019,1,88000000003081
89000000003020,1,88000000002584
89000000003021,1,88000000003101
89000000003022,1,88000000003311
89000000003023,1,88000000002783
89000000003024,1,88000000003105
89000000003025,1,88000000003086
89000000003026,1,88000000003068
89000000003027,1,88000000002925
89000000003028,2,"88000000003163,88000000016697"
89000000003029,1,88000000002984
89000000003030,2,"88000000003139,88000000009977"
89000000003031,1,88000000003045
89000000003032,2,"88000000003124,88000000012057"
89000000003033,1,88000000002916
89000000003034,1,88000000002955
89000000003036,1,88000000003051
89000000003037,1,88000000003050
89000000003038,1,88000000003114
89000000003039,1,88000000002662
89000000003040,1,88000000003085
89000000003041,1,88000000003069
89000000003042,1,88000000003172
89000000003043,1,88000000003007
89000000003044,1,88000000003052
89000000003045,1,88000000003130
89000000003046,1,88000000003080
89000000003047,1,88000000003024
89000000003048,1,88000000003516
89000000003049,1,88000000002957
89000000003050,1,88000000003097
89000000003051,1,88000000002885
89000000003052,1,88000000003195
89000000003053,1,88000000003092
89000000003054,1,88000000003117
89000000003055,1,88000000003138
89000000003057,1,88000000003245
89000000003058,1,88000000003209
89000000003059,1,88000000003039
89000000003060,1,88000000002431
89000000003061,2,"88000000003684,88000000005779"
89000000003062,1,88000000002946
89000000003063,1,88000000003322
89000000003064,1,88000000002989
89000000003065,1,88000000003215
89000000003066,1,88000000003106
89000000003067,1,88000000003027
89000000003068,1,88000000003243
89000000003069,1,88000000003015
89000000003070,1,88000000002994
89000000003071,1,88000000003166
89000000003072,1,88000000003025
89000000003073,1,88000000003146
89000000003074,1,88000000002139
89000000003075,1,88000000003104
89000000003076,1,88000000003057
89000000003077,1,88000000002987
89000000003078,1,88000000003140
89000000003079,1,88000000003084
89000000003080,1,88000000003113
89000000003081,1,88000000003739
89000000003082,1,88000000003147
89000000003083,1,88000000003058
89000000003084,1,88000000003112
89000000003085,1,88000000003095
89000000003086,1,88000000003338
89000000003087,1,88000000003299
89000000003088,1,88000000002934
89000000003089,1,88000000003192
89000000003090,1,88000000002922
89000000003091,1,88000000003143
89000000003092,1,88000000003461
89000000003093,1,88000000004011
89000000003094,1,88000000003054
89000000003095,1,88000000003214
89000000003096,1,88000000003103
89000000003097,1,88000000003111
89000000003098,1,88000000003134
89000000003099,1,88000000003161
89000000003100,1,88000000003118
89000000003101,1,88000000002899
89000000003102,1,88000000003042
89000000003103,1,88000000003049
89000000003104,1,88000000003150
89000000003105,1,88000000003159
89000000003106,1,88000000003088
89000000003107,2,"88000000003199,88000000020115"
89000000003108,1,88000000002374
89000000003109,1,88000000003387
89000000003110,1,88000000003063
89000000003111,1,88000000003093
89000000003112,1,88000000003122
89000000003113,1,88000000003255
89000000003114,1,88000000003133
89000000003115,1,88000000003053
89000000003116,1,88000000002961
89000000003117,1,88000000003183
89000000003118,1,88000000003043
89000000003119,1,88000000003162
89000000003120,1,88000000003223
89000000003123,1,88000000003107
89000000003124,1,88000000003249
89000000003125,1,88000000003155
89000000003126,1,88000000003132
89000000003127,1,88000000003240
89000000003128,1,88000000003194
89000000003129,1,88000000003044
89000000003130,1,88000000003254
89000000003131,1,88000000003090
89000000003132,1,88000000003064
89000000003133,1,88000000003165
89000000003134,1,88000000003131
89000000003135,1,88000000003094
89000000003136,1,88000000003154
89000000003137,1,88000000003145
89000000003138,1,88000000003073
89000000003139,1,88000000003228
89000000003140,1,88000000003141
89000000003141,1,88000000003244
89000000003142,1,88000000002941
89000000003143,1,88000000002915
89000000003144,1,88000000003276
89000000003145,1,88000000003126
89000000003146,1,88000000003156
89000000003147,1,88000000002116
89000000003148,1,88000000003210
89000000003149,1,88000000003189
89000000003150,1,88000000003109
89000000003151,1,88000000003066
89000000003152,1,88000000003098
89000000003153,1,88000000003231
89000000003154,1,88000000003102
89000000003155,1,88000000003144
89000000003156,1,88000000003167
89000000003157,1,88000000003142
89000000003158,1,88000000003196
89000000003159,1,88000000002901
89000000003160,1,88000000002481
89000000003161,1,88000000003171
89000000003162,2,"88000000003123,88000000005575"
89000000003163,1,88000000002968
89000000003164,1,88000000003062
89000000003165,1,88000000001949
89000000003166,1,88000000003212
89000000003167,1,88000000003137
89000000003168,1,88000000003238
89000000003169,1,88000000003467
89000000003170,1,88000000003207
89000000003171,1,88000000003318
89000000003172,1,88000000003325
89000000003173,1,88000000002914
89000000003174,1,88000000003217
89000000003175,1,88000000003151
89000000003176,1,88000000003190
89000000003177,1,88000000003305
89000000003178,1,88000000003148
89000000003179,1,88000000003034
89000000003180,1,88000000003277
89000000003181,1,88000000003420
89000000003182,2,"88000000003678,88000000007602"
89000000003183,1,88000000003200
89000000003185,1,88000000003334
89000000003188,1,88000000003260
89000000003189,1,88000000002713
89000000003190,1,88000000003764
89000000003191,1,88000000003184
89000000003192,1,88000000003193
89000000003193,1,88000000003313
89000000003194,1,88000000003149
89000000003195,1,88000000003185
89000000003197,1,88000000005504
89000000003198,1,88000000003116
89000000003199,1,88000000003310
89000000003200,1,88000000003335
89000000003201,1,88000000003233
89000000003202,1,88000000003198
89000000003203,1,88000000003242
89000000003204,1,88000000003286
89000000003207,1,88000000003618
89000000003208,1,88000000003264
89000000003209,1,88000000003282
89000000003210,1,88000000002970
89000000003211,1,88000000003378
89000000003212,1,88000000003246
89000000003213,1,88000000003187
89000000003214,1,88000000003289
89000000003215,1,88000000003247
89000000003216,1,88000000003222
89000000003217,1,88000000003169
89000000003218,1,88000000003221
89000000003219,1,88000000003328
89000000003220,1,88000000003261
89000000003221,1,88000000003631
89000000003222,1,88000000003292
89000000003223,1,88000000003191
89000000003224,1,88000000003290
89000000003225,1,88000000003267
89000000003226,1,88000000003361
89000000003227,1,88000000003153
89000000003228,1,88000000003339
89000000003229,1,88000000003379
89000000003230,1,88000000003186
89000000003231,1,88000000003235
89000000003232,1,88000000003504
89000000003233,1,88000000003315
89000000003234,1,88000000002766
89000000003235,1,88000000003342
89000000003236,1,88000000003271
89000000003237,1,88000000003362
89000000003238,1,88000000003251
89000000003239,1,88000000003270
89000000003240,1,88000000004262
89000000003241,1,88000000003348
89000000003242,1,88000000003298
89000000003243,1,88000000003324
89000000003244,1,88000000003099
89000000003245,1,88000000003332
89000000003246,1,88000000003258
89000000003247,1,88000000003295
89000000003248,1,88000000003218
89000000003249,1,88000000003377
89000000003250,1,88000000003303
89000000003251,1,88000000003337
89000000003252,1,88000000003203
89000000003253,1,88000000003158
89000000003254,1,88000000003309
89000000003255,1,88000000003302
89000000003256,1,88000000003164
89000000003257,1,88000000003082
89000000003258,1,88000000003287
89000000003259,1,88000000003392
89000000003260,1,88000000003721
89000000003261,1,88000000003256
89000000003262,1,88000000003274
89000000003263,1,88000000003288
89000000003264,1,88000000003227
89000000003265,1,88000000003013
89000000003266,1,88000000003294
89000000003267,1,88000000003281
89000000003268,1,88000000003307
89000000003269,1,88000000003055
89000000003270,1,88000000003625
89000000003271,1,88000000003497
89000000003272,1,88000000003360
89000000003273,1,88000000003205
89000000003274,1,88000000003547
89000000003275,1,88000000003291
89000000003276,1,88000000003432
89000000003277,1,88000000003326
89000000003278,1,88000000003390
89000000003279,1,88000000003265
89000000003280,1,88000000003500
89000000003281,1,88000000003440
89000000003282,1,88000000001870
89000000003283,1,88000000003269
89000000003284,1,88000000003219
89000000003285,1,88000000003253
89000000003286,1,88000000003321
89000000003287,1,88000000003358
89000000003288,1,88000000003350
89000000003289,1,88000000003316
89000000003290,1,88000000003304
89000000003291,1,88000000003319
89000000003293,1,88000000003320
89000000003294,1,88000000003257
89000000003295,1,88000000003483
89000000003296,1,88000000003330
89000000003298,1,88000000003225
89000000003299,1,88000000003182
89000000003300,1,88000000003301
89000000003301,1,88000000003369
89000000003302,1,88000000003417
89000000003303,1,88000000003351
89000000003304,1,88000000003522
89000000003305,1,88000000003178
89000000003306,1,88000000003173
89000000003307,1,88000000003359
89000000003308,1,88000000003512
89000000003309,1,88000000003128
89000000003310,1,88000000003129
89000000003311,1,88000000003345
89000000003312,1,88000000003570
89000000003313,1,88000000003370
89000000003314,1,88000000003409
89000000003315,1,88000000003211
89000000003316,1,88000000003275
89000000003317,1,88000000003327
89000000003318,1,88000000003371
89000000003319,1,88000000003413
89000000003320,1,88000000003486
89000000003321,1,88000000003285
89000000003322,2,"88000000003263,88000000013545"
89000000003323,1,88000000003356
89000000003324,1,88000000003340
89000000003325,1,88000000003601
89000000003326,1,88000000003347
89000000003327,1,88000000003078
89000000003328,1,88000000003181
89000000003329,1,88000000003435
89000000003330,1,88000000004136
89000000003331,1,88000000003152
89000000003332,1,88000000003394
89000000003333,2,"88000000004417,88000000005962"
89000000003334,1,88000000003314
89000000003335,1,88000000003591
89000000003336,1,88000000003584
89000000003337,1,88000000003341
89000000003338,1,88000000003239
89000000003339,1,88000000003352
89000000003340,1,88000000003958
89000000003341,1,88000000003400
89000000003342,1,88000000003229
89000000003343,1,88000000003442
89000000003344,1,88000000003423
89000000003345,1,88000000003443
89000000003346,1,88000000003577
89000000003347,1,88000000003401
89000000003348,1,88000000003511
89000000003349,1,88000000003397
89000000003350,1,88000000003070
89000000003351,1,88000000003354
89000000003354,1,88000000003374
89000000003355,1,88000000003224
89000000003356,1,88000000003336
89000000003357,1,88000000003410
89000000003358,1,88000000003530
89000000003359,1,88000000003373
89000000003360,1,88000000003329
89000000003361,1,88000000003386
89000000003362,1,88000000003499
89000000003363,1,88000000003382
89000000003364,1,88000000003259
89000000003365,1,88000000003393
89000000003366,1,88000000003398
89000000003367,2,"88000000004056,88000000015769"
89000000003368,1,88000000003433
89000000003370,1,88000000004170
89000000003371,2,"88000000003419,88000000011355"
89000000003372,1,88000000003677
89000000003373,1,88000000005502
89000000003374,1,88000000004409
89000000003375,2,"88000000003234,88000000010641"
89000000003376,1,88000000002719
89000000003377,1,88000000003384
89000000003378,1,88000000003355
89000000003379,1,88000000003279
89000000003380,1,88000000003297
89000000003381,1,88000000003241
89000000003382,1,88000000003237
89000000003383,1,88000000003428
89000000003384,1,88000000003478
89000000003385,1,88000000003363
89000000003386,1,88000000003863
89000000003387,1,88000000003418
89000000003389,1,88000000002642
89000000003390,1,88000000003426
89000000003391,1,88000000003501
89000000003392,1,88000000003402
89000000003393,1,88000000003753
89000000003394,1,88000000003564
89000000003395,1,88000000003518
89000000003396,1,88000000003424
89000000003397,1,88000000003273
89000000003398,1,88000000003293
89000000003399,1,88000000003391
89000000003400,1,88000000003380
89000000003402,1,88000000003474
89000000003403,1,88000000003406
89000000003404,1,88000000003520
89000000003405,1,88000000003202
89000000003406,1,88000000003037
89000000003407,1,88000000003493
89000000003408,1,88000000003381
89000000003409,1,88000000002575
89000000003410,1,88000000003306
89000000003411,1,88000000003411
89000000003412,1,88000000004183
89000000003413,1,88000000003414
89000000003414,1,88000000003421
89000000003417,1,88000000003498
89000000003418,1,88000000003469
89000000003419,1,88000000003389
89000000003420,1,88000000003399
89000000003421,1,88000000003441
89000000003422,1,88000000003429
89000000003423,2,"88000000003357,88000000015269"
89000000003424,1,88000000003456
89000000003425,1,88000000003439
89000000003426,1,88000000003425
89000000003427,1,88000000002308
89000000003428,1,88000000003476
89000000003429,1,88000000003367
89000000003430,1,88000000003385
89000000003431,1,88000000003578
89000000003432,1,88000000003465
89000000003433,1,88000000003344
89000000003434,1,88000000003604
89000000003435,1,88000000003376
89000000003436,1,88000000003333
89000000003437,1,88000000002281
89000000003438,1,88000000003543
89000000003439,1,88000000003407
89000000003440,1,88000000003434
89000000003441,1,88000000003430
89000000003442,1,88000000003457
89000000003443,1,88000000003556
89000000003444,1,88000000003349
89000000003445,2,"88000000003817,88000000015309"
89000000003446,1,88000000003383
89000000003447,1,88000000003562
89000000003448,1,88000000003450
89000000003449,1,88000000003427
89000000003450,1,88000000003368
89000000003451,1,88000000003447
89000000003452,1,88000000003581
89000000003453,1,88000000003615
89000000003454,1,88000000003488
89000000003455,1,88000000003521
89000000003456,1,88000000003769
89000000003457,1,88000000003565
89000000003458,1,88000000004945
89000000003459,1,88000000004546
89000000003460,1,88000000003496
89000000003461,1,88000000003415
89000000003462,1,88000000003623
89000000003463,1,88000000003491
89000000003464,1,88000000003405
89000000003465,1,88000000003448
89000000003466,1,88000000003266
89000000003467,1,88000000003396
89000000003468,1,88000000003452
89000000003469,1,88000000003208
89000000003470,1,88000000003607
89000000003471,1,88000000003366
89000000003472,1,88000000003717
89000000003473,1,88000000003490
89000000003474,1,88000000003685
89000000003475,1,88000000003632
89000000003476,1,88000000003598
89000000003477,1,88000000003653
89000000003478,1,88000000003558
89000000003479,1,88000000003453
89000000003480,1,88000000003487
89000000003481,1,88000000003201
89000000003482,1,88000000003509
89000000003483,1,88000000003745
89000000003485,1,88000000003898
89000000003486,1,88000000003537
89000000003487,1,88000000003375
89000000003488,1,88000000003569
89000000003489,1,88000000003484
89000000003490,1,88000000003572
89000000003491,1,88000000003446
89000000003493,1,88000000003561
89000000003494,1,88000000003262
89000000003495,1,88000000003468
89000000003496,1,88000000003624
89000000003497,1,88000000003515
89000000003498,1,88000000003620
89000000003499,1,88000000002569
89000000003500,1,88000000002919
89000000003501,1,88000000003519
89000000003502,1,88000000003481
89000000003503,1,88000000003308
89000000003504,1,88000000003489
89000000003505,1,88000000003343
89000000003506,1,88000000003463
89000000003507,1,88000000003168
89000000003508,1,88000000003485
89000000003509,3,"88000000003796,88000000018027,88000000020397"
89000000003510,1,88000000003592
89000000003511,1,88000000003525
89000000003512,1,88000000003542
89000000003513,1,88000000003482
89000000003514,1,88000000003551
89000000003516,1,88000000003621
89000000003517,1,88000000003723
89000000003518,1,88000000003475
89000000003519,1,88000000003612
89000000003520,1,88000000003571
89000000003521,1,88000000003563
89000000003522,1,88000000003645
89000000003523,1,88000000003538
89000000003524,1,88000000004774
89000000003525,1,88000000003716
89000000003526,1,88000000003638
89000000003527,1,88000000003899
89000000003528,1,88000000003585
89000000003529,1,88000000003473
89000000003530,1,88000000002800
89000000003531,1,88000000003472
89000000003532,1,88000000003825
89000000003534,1,88000000003661
89000000003535,1,88000000003331
89000000003536,1,88000000003718
89000000003537,1,88000000003575
89000000003538,1,88000000003513
89000000003539,1,88000000003687
89000000003540,1,88000000003300
89000000003541,1,88000000003480
89000000003542,1,88000000003681
89000000003543,1,88000000003445
89000000003545,1,88000000003550
89000000003546,1,88000000003617
89000000003547,1,88000000003541
89000000003548,1,88000000003611
89000000003549,1,88000000003454
89000000003550,1,88000000005679
89000000003551,2,"88000000003540,88000000012306"
89000000003552,1,88000000003549
89000000003553,1,88000000003514
89000000003554,1,88000000003576
89000000003555,1,88000000003650
89000000003556,1,88000000003595
89000000003557,1,88000000003851
89000000003558,1,88000000003502
89000000003559,1,88000000003567
89000000003561,1,88000000003431
89000000003562,1,88000000003596
89000000003563,1,88000000003708
89000000003564,1,88000000003828
89000000003565,1,88000000003635
89000000003566,1,88000000003552
89000000003567,1,88000000003641
89000000003568,1,88000000003526
89000000003569,1,88000000003613
89000000003570,1,88000000003599
89000000003571,1,88000000003506
89000000003572,1,88000000003667
89000000003574,1,88000000004444
89000000003575,1,88000000003470
89000000003576,1,88000000003280
89000000003577,1,88000000003559
89000000003578,1,88000000003691
89000000003579,1,88000000003695
89000000003580,1,88000000003588
89000000003581,1,88000000003536
89000000003582,1,88000000003593
89000000003583,1,88000000003546
89000000003584,1,88000000003523
89000000003585,1,88000000003674
89000000003586,1,88000000003494
89000000003587,1,88000000003694
89000000003588,1,88000000003507
89000000003589,1,88000000003616
89000000003590,1,88000000003505
89000000003592,1,88000000003283
89000000003593,1,88000000003707
89000000003594,1,88000000003654
89000000003595,1,88000000003590
89000000003596,1,88000000003436
89000000003597,1,88000000003876
89000000003598,1,88000000003662
89000000003599,1,88000000003532
89000000003600,1,88000000003649
89000000003601,1,88000000003826
89000000003602,1,88000000003655
89000000003603,1,88000000003579
89000000003605,1,88000000003633
89000000003606,1,88000000003597
89000000003607,1,88000000003647
89000000003608,1,88000000003688
89000000003609,1,88000000003179
89000000003610,1,88000000002988
89000000003611,2,"88000000003127,88000000010767"
89000000003613,1,88000000003665
89000000003614,1,88000000003503
89000000003615,1,88000000003606
89000000003617,1,88000000003437
89000000003618,1,88000000003648
89000000003619,1,88000000003881
89000000003622,1,88000000003689
89000000003623,1,88000000003573
89000000003624,1,88000000003656
89000000003625,1,88000000003627
89000000003626,1,88000000003568
89000000003627,1,88000000003904
89000000003628,1,88000000003539
89000000003629,1,88000000003712
89000000003630,1,88000000003589
89000000003632,1,88000000003248
89000000003634,1,88000000003323
89000000003635,1,88000000003610
89000000003636,1,88000000003643
89000000003637,1,88000000003923
89000000003638,1,88000000003534
89000000003639,1,88000000003651
89000000003640,1,88000000003705
89000000003641,1,88000000003574
89000000003642,1,88000000003676
89000000003643,1,88000000003587
89000000003644,1,88000000004031
89000000003645,1,88000000003629
89000000003646,1,88000000003626
89000000003647,1,88000000004045
89000000003648,1,88000000003722
89000000003649,1,88000000003774
89000000003650,1,88000000003560
89000000003651,1,88000000003757
89000000003652,1,88000000002983
89000000003654,1,88000000003664
89000000003655,1,88000000004190
89000000003656,1,88000000003528
89000000003658,1,88000000004321
89000000003659,1,88000000003659
89000000003660,1,88000000003805
89000000003661,1,88000000003697
89000000003662,1,88000000003464
89000000003663,1,88000000003982
89000000003664,1,88000000003642
89000000003665,1,88000000003731
89000000003666,1,88000000003644
89000000003667,1,88000000004068
89000000003668,1,88000000003608
89000000003670,1,88000000003727
89000000003671,1,88000000003725
89000000003672,1,88000000003866
89000000003673,1,88000000003741
89000000003674,1,88000000003747
89000000003675,1,88000000003971
89000000003676,1,88000000003743
89000000003677,1,88000000003833
89000000003678,1,88000000003748
89000000003679,1,88000000003652
89000000003680,1,88000000003771
89000000003682,1,88000000003790
89000000003683,1,88000000003703
89000000003684,1,88000000003637
89000000003685,1,88000000003524
89000000003686,1,88000000003871
89000000003687,1,88000000003075
89000000003688,1,88000000003719
89000000003689,1,88000000003692
89000000003690,1,88000000003734
89000000003691,1,88000000003555
89000000003692,1,88000000004173
89000000003694,1,88000000003803
89000000003695,1,88000000003680
89000000003696,1,88000000004179
89000000003697,1,88000000003672
89000000003699,1,88000000003600
89000000003700,1,88000000003831
89000000003701,1,88000000004142
89000000003702,1,88000000003733
89000000003704,1,88000000003666
89000000003707,1,88000000003566
89000000003708,1,88000000003758
89000000003709,1,88000000003729
89000000003710,1,88000000003479
89000000003711,1,88000000003690
89000000003712,1,88000000003701
89000000003713,1,88000000003204
89000000003714,1,88000000004681
89000000003715,1,88000000003809
89000000003716,1,88000000003760
89000000003717,1,88000000003768
89000000003718,1,88000000003735
89000000003719,1,88000000003775
89000000003720,1,88000000003754
89000000003721,1,88000000003462
89000000003722,1,88000000004563
89000000003723,1,88000000003942
89000000003724,1,88000000003693
89000000003725,1,88000000003726
89000000003726,1,88000000003773
89000000003727,1,88000000003673
89000000003728,1,88000000003669
89000000003729,1,88000000003789
89000000003730,1,88000000003704
89000000003731,1,88000000003782
89000000003732,1,88000000003792
89000000003733,1,88000000003250
89000000003734,1,88000000003278
89000000003735,1,88000000003823
89000000003736,1,88000000003786
89000000003737,1,88000000003408
89000000003738,1,88000000003675
89000000003739,1,88000000003742
89000000003740,1,88000000003686
89000000003741,1,88000000004152
89000000003742,1,88000000003030
89000000003743,1,88000000003811
89000000003744,1,88000000003804
89000000003745,1,88000000003849
89000000003746,1,88000000005000
89000000003748,1,88000000002612
89000000003749,1,88000000003636
89000000003750,1,88000000003755
89000000003751,1,88000000004134
89000000003752,1,88000000004003
89000000003753,1,88000000003640
89000000003754,1,88000000003759
89000000003755,1,88000000003798
89000000003756,1,88000000003765
89000000003757,1,88000000003976
89000000003758,1,88000000004324
89000000003759,1,88000000003855
89000000003760,1,88000000003848
89000000003761,1,88000000003925
89000000003762,1,88000000003545
89000000003763,1,88000000003799
89000000003764,1,88000000003780
89000000003766,1,88000000003744
89000000003767,1,88000000003702
89000000003768,1,88000000003787
89000000003769,1,88000000003713
89000000003770,1,88000000003657
89000000003771,1,88000000003830
89000000003772,1,88000000003853
89000000003773,1,88000000003174
89000000003774,1,88000000003761
89000000003775,1,88000000003777
89000000003776,1,88000000003663
89000000003777,1,88000000003961
89000000003778,1,88000000003856
89000000003779,1,88000000004039
89000000003780,1,88000000003885
89000000003781,1,88000000003622
89000000003782,1,88000000004162
89000000003783,1,88000000003806
89000000003784,1,88000000003783
89000000003785,1,88000000003815
89000000003786,1,88000000003802
89000000003787,1,88000000003842
89000000003788,1,88000000003965
89000000003789,1,88000000003628
89000000003790,1,88000000003845
89000000003791,1,88000000003890
89000000003792,1,88000000003770
89000000003793,1,88000000003797
89000000003794,1,88000000003788
89000000003796,1,88000000003660
89000000003797,1,88000000003779
89000000003798,1,88000000003531
89000000003799,1,88000000003844
89000000003800,1,88000000003903
89000000003801,1,88000000003728
89000000003802,1,88000000003818
89000000003803,1,88000000003714
89000000003804,1,88000000003860
89000000003805,1,88000000003836
89000000003806,1,88000000004061
89000000003807,1,88000000003874
89000000003808,1,88000000002449
89000000003809,1,88000000003715
89000000003810,2,"88000000004401,88000000011816"
89000000003811,1,88000000003952
89000000003812,1,88000000003873
89000000003813,1,88000000004038
89000000003814,1,88000000003083
89000000003815,1,88000000003888
89000000003816,1,88000000003403
89000000003817,1,88000000003460
89000000003818,1,88000000004118
89000000003819,2,"88000000004544,88000000018399"
89000000003820,1,88000000003857
89000000003821,1,88000000003795
89000000003822,1,88000000003846
89000000003823,1,88000000003902
89000000003824,1,88000000003897
89000000003825,1,88000000003887
89000000003826,1,88000000003801
89000000003827,1,88000000003752
89000000003828,1,88000000003711
89000000003829,1,88000000004075
89000000003830,1,88000000003850
89000000003831,1,88000000003924
89000000003832,1,88000000004005
89000000003833,1,88000000003709
89000000003834,1,88000000004356
89000000003835,1,88000000003781
89000000003836,1,88000000003882
89000000003837,1,88000000003979
89000000003838,1,88000000003935
89000000003839,1,88000000003533
89000000003840,2,"88000000004445,88000000019235"
89000000003841,1,88000000003854
89000000003842,1,88000000003466
89000000003843,1,88000000003812
89000000003844,1,88000000003841
89000000003845,1,88000000003893
89000000003846,1,88000000003880
89000000003847,1,88000000003931
89000000003848,1,88000000003930
89000000003849,1,88000000003766
89000000003850,1,88000000003909
89000000003851,1,88000000003973
89000000003852,1,88000000004282
89000000003853,1,88000000003671
89000000003854,1,88000000003858
89000000003855,1,88000000004049
89000000003856,1,88000000003529
89000000003857,1,88000000003838
89000000003858,1,88000000003953
89000000003859,1,88000000003879
89000000003860,1,88000000003872
89000000003861,1,88000000003772
89000000003862,1,88000000003763
89000000003863,1,88000000002441
89000000003864,2,"88000000004002,88000000010780"
89000000003865,1,88000000003706
89000000003866,1,88000000003869
89000000003867,1,88000000003944
89000000003868,1,88000000003868
89000000003869,1,88000000003951
89000000003870,1,88000000003808
89000000003871,1,88000000003767
89000000003872,2,"88000000003859,88000000013384"
89000000003873,1,88000000004263
89000000003874,1,88000000003824
89000000003875,1,88000000003492
89000000003876,1,88000000004059
89000000003878,1,88000000003919
89000000003879,1,88000000003658
89000000003880,1,88000000002531
89000000003881,1,88000000004042
89000000003882,1,88000000003821
89000000003883,1,88000000004140
89000000003884,1,88000000004012
89000000003885,1,88000000003948
89000000003886,1,88000000004738
89000000003887,1,88000000003784
89000000003888,1,88000000003906
89000000003889,1,88000000003907
89000000003890,1,88000000004032
89000000003891,1,88000000003987
89000000003892,1,88000000003079
89000000003893,1,88000000004078
89000000003894,2,"88000000004645,88000000011146"
89000000003895,1,88000000003813
89000000003896,1,88000000003746
89000000003897,1,88000000003594
89000000003898,1,88000000003892
89000000003899,1,88000000003840
89000000003900,1,88000000004274
89000000003901,1,88000000004063
89000000003902,1,88000000003827
89000000003903,2,"88000000004236,88000000010515"
89000000003904,1,88000000003819
89000000003905,1,88000000006490
89000000003906,1,88000000003974
89000000003907,1,88000000003910
89000000003908,1,88000000003917
89000000003909,1,88000000003791
89000000003910,1,88000000004008
89000000003911,1,88000000003867
89000000003912,1,88000000004265
89000000003913,1,88000000003905
89000000003914,1,88000000003829
89000000003915,1,88000000003646
89000000003916,1,88000000006521
89000000003917,1,88000000004014
89000000003918,1,88000000004110
89000000003919,1,88000000003720
89000000003920,1,88000000004084
89000000003921,1,88000000003901
89000000003922,1,88000000003975
89000000003923,1,88000000004144
89000000003924,1,88000000003911
89000000003925,1,88000000004147
89000000003926,1,88000000004064
89000000003927,1,88000000004024
89000000003928,1,88000000004154
89000000003929,1,88000000003947
89000000003930,1,88000000004116
89000000003931,1,88000000003822
89000000003932,1,88000000003922
89000000003933,1,88000000004326
89000000003934,1,88000000003793
89000000003935,1,88000000003724
89000000003936,1,88000000004000
89000000003937,1,88000000002711
89000000003938,1,88000000003517
89000000003939,1,88000000004009
89000000003940,1,88000000003993
89000000003941,1,88000000003932
89000000003942,1,88000000004269
89000000003943,1,88000000004029
89000000003944,1,88000000003913
89000000003945,1,88000000003886
89000000003946,1,88000000003939
89000000003947,1,88000000003995
89000000003948,1,88000000004017
89000000003949,2,"88000000003455,88000000014841"
89000000003951,1,88000000003908
89000000003952,1,88000000004004
89000000003953,1,88000000003977
89000000003954,1,88000000003929
89000000003955,1,88000000004498
89000000003957,1,88000000004089
89000000003958,1,88000000004159
89000000003959,1,88000000003978
89000000003960,1,88000000004057
89000000003961,1,88000000004253
89000000003962,1,88000000003916
89000000003963,1,88000000003894
89000000003964,1,88000000003896
89000000003965,1,88000000003984
89000000003966,1,88000000004383
89000000003967,1,88000000004076
89000000003968,1,88000000003832
89000000003969,1,88000000004150
89000000003970,1,88000000004610
89000000003971,1,88000000004058
89000000003972,1,88000000004198
89000000003973,1,88000000003998
89000000003974,1,88000000003900
89000000003976,1,88000000003170
89000000003977,1,88000000003837
89000000003978,1,88000000004033
89000000003979,1,88000000003997
89000000003980,1,88000000004051
89000000003981,1,88000000004021
89000000003982,1,88000000003816
89000000003983,2,"88000000004156,88000000012735"
89000000003984,1,88000000004081
89000000003986,1,88000000003862
89000000003987,1,88000000003955
89000000003989,1,88000000004086
89000000003990,1,88000000003934
89000000003991,1,88000000003972
89000000003992,1,88000000004007
89000000003993,1,88000000003938
89000000003994,1,88000000003835
89000000003995,1,88000000004120
89000000003996,1,88000000003967
89000000003997,1,88000000004087
89000000003998,1,88000000002627
89000000003999,1,88000000003213
89000000004000,1,88000000003981
89000000004001,1,88000000003940
89000000004002,1,88000000004074
89000000004003,1,88000000004294
89000000004004,1,88000000004107
89000000004006,2,"88000000005479,88000000013500"
89000000004007,1,88000000004037
89000000004008,1,88000000003926
89000000004009,1,88000000003990
89000000004011,1,88000000004284
89000000004012,1,88000000003960
89000000004013,1,88000000003963
89000000004014,1,88000000003945
89000000004015,1,88000000004079
89000000004016,1,88000000004185
89000000004017,1,88000000003937
89000000004018,1,88000000003949
89000000004020,1,88000000003992
89000000004021,1,88000000003864
89000000004022,1,88000000004231
89000000004023,1,88000000003870
89000000004024,1,88000000004052
89000000004025,1,88000000004122
89000000004026,1,88000000004071
89000000004027,1,88000000004303
89000000004028,1,88000000004094
89000000004029,1,88000000005005
89000000004030,1,88000000003852
89000000004031,1,88000000003471
89000000004032,1,88000000004082
89000000004033,1,88000000003544
89000000004034,1,88000000004023
89000000004035,1,88000000004040
89000000004036,1,88000000004053
89000000004037,1,88000000003969
89000000004038,1,88000000003966
89000000004039,1,88000000004015
89000000004040,1,88000000004022
89000000004041,1,88000000003956
89000000004042,1,88000000004016
89000000004043,1,88000000003959
89000000004044,1,88000000004062
89000000004045,1,88000000004020
89000000004046,1,88000000004119
89000000004047,1,88000000004647
89000000004048,1,88000000004055
89000000004049,1,88000000004133
89000000004050,1,88000000004135
89000000004051,1,88000000004168
89000000004052,1,88000000004026
89000000004053,1,88000000004115
89000000004054,1,88000000002780
89000000004055,1,88000000004881
89000000004056,1,88000000004060
89000000004057,1,88000000003834
89000000004058,1,88000000003991
89000000004059,1,88000000003814
89000000004060,1,88000000004507
89000000004061,1,88000000003933
89000000004062,1,88000000004126
89000000004063,1,88000000003962
89000000004064,1,88000000004019
89000000004065,1,88000000003921
89000000004066,1,88000000003994
89000000004067,1,88000000003914
89000000004068,1,88000000003557
89000000004069,1,88000000004217
89000000004070,1,88000000004330
89000000004071,1,88000000004083
89000000004072,1,88000000003912
89000000004073,1,88000000004402
89000000004074,1,88000000004275
89000000004075,1,88000000004035
89000000004076,1,88000000004137
89000000004077,1,88000000004034
89000000004078,1,88000000004070
89000000004079,1,88000000004010
89000000004080,1,88000000004176
89000000004081,1,88000000004101
89000000004083,1,88000000004112
89000000004084,1,88000000003495
89000000004085,1,88000000004077
89000000004086,1,88000000004104
89000000004087,1,88000000003861
89000000004088,1,88000000003983
89000000004089,1,88000000004113
89000000004090,1,88000000004193
89000000004091,1,88000000004124
89000000004093,1,88000000004286
89000000004094,1,88000000004218
89000000004095,1,88000000003936
89000000004096,1,88000000004096
89000000004097,1,88000000004182
89000000004098,1,88000000003889
89000000004099,1,88000000004043
89000000004100,1,88000000004230
89000000004101,1,88000000004001
89000000004102,1,88000000004099
89000000004103,1,88000000004242
89000000004104,1,88000000003980
89000000004105,1,88000000004194
89000000004106,1,88000000003586
89000000004107,1,88000000004298
89000000004108,1,88000000004163
89000000004109,1,88000000004018
89000000004110,1,88000000004132
89000000004111,1,88000000004067
89000000004112,1,88000000004664
89000000004113,1,88000000004267
89000000004114,1,88000000004240
89000000004115,1,88000000003843
89000000004116,1,88000000004100
89000000004117,1,88000000004160
89000000004118,1,88000000004287
89000000004119,1,88000000004117
89000000004120,1,88000000004041
89000000004121,1,88000000004129
89000000004122,1,88000000003884
89000000004123,1,88000000004146
89000000004124,1,88000000004048
89000000004125,1,88000000004222
89000000004126,1,88000000004299
89000000004127,1,88000000004177
89000000004128,1,88000000004276
89000000004130,1,88000000004073
89000000004131,1,88000000003950
89000000004132,1,88000000003364
89000000004133,1,88000000004106
89000000004134,1,88000000004088
89000000004135,1,88000000004157
89000000004136,1,88000000004125
89000000004137,1,88000000004143
89000000004138,1,88000000003738
89000000004139,1,88000000004171
89000000004141,1,88000000003878
89000000004142,1,88000000003583
89000000004143,1,88000000004085
89000000004144,1,88000000004181
89000000004146,1,88000000004192
89000000004147,1,88000000004091
89000000004149,1,88000000004098
89000000004150,1,88000000003996
89000000004151,1,88000000004093
89000000004152,1,88000000004175
89000000004153,1,88000000004219
89000000004154,1,88000000004097
89000000004155,1,88000000004138
89000000004156,1,88000000004109
89000000004157,1,88000000004220
89000000004158,1,88000000004205
89000000004159,1,88000000004114
89000000004160,1,88000000004164
89000000004161,1,88000000004167
89000000004162,2,"88000000004366,88000000018447"
89000000004163,1,88000000004158
89000000004164,1,88000000004066
89000000004165,1,88000000004279
89000000004166,1,88000000004239
89000000004167,1,88000000004188
89000000004168,1,88000000003756
89000000004169,1,88000000004189
89000000004170,1,88000000004046
89000000004171,1,88000000004072
89000000004172,1,88000000003946
89000000004173,1,88000000004207
89000000004174,1,88000000004090
89000000004175,1,88000000004199
89000000004176,1,88000000004054
89000000004177,1,88000000004139
89000000004178,1,88000000004246
89000000004179,1,88000000004212
89000000004180,1,88000000004310
89000000004181,1,88000000004153
89000000004182,1,88000000004155
89000000004183,1,88000000004353
89000000004185,1,88000000004711
89000000004186,1,88000000004095
89000000004187,1,88000000004266
89000000004188,1,88000000004285
89000000004189,1,88000000004121
89000000004190,1,88000000004166
89000000004191,1,88000000003820
89000000004192,1,88000000004178
89000000004193,1,88000000004151
89000000004194,1,88000000003800
89000000004195,1,88000000004209
89000000004196,1,88000000004503
89000000004197,1,88000000004357
89000000004198,1,88000000004169
89000000004200,1,88000000004237
89000000004201,1,88000000004184
89000000004202,1,88000000004527
89000000004203,1,88000000004206
89000000004204,1,88000000003927
89000000004205,1,88000000004235
89000000004207,1,88000000004233
89000000004208,1,88000000004224
89000000004209,1,88000000004375
89000000004210,1,88000000004355
89000000004211,1,88000000004226
89000000004212,1,88000000005208
89000000004214,1,88000000004214
89000000004215,1,88000000004208
89000000004216,1,88000000004252
89000000004217,1,88000000004202
89000000004218,1,88000000004580
89000000004219,1,88000000004319
89000000004220,1,88000000004283
89000000004221,1,88000000004345
89000000004222,1,88000000004249
89000000004223,1,88000000004333
89000000004224,1,88000000004454
89000000004226,1,88000000004306
89000000004227,1,88000000003732
89000000004228,1,88000000004741
89000000004229,1,88000000004102
89000000004230,1,88000000004201
89000000004231,1,88000000004123
89000000004232,1,88000000004191
89000000004233,1,88000000003877
89000000004234,1,88000000004295
89000000004235,1,88000000004325
89000000004236,1,88000000004204
89000000004237,1,88000000004260
89000000004239,1,88000000004870
89000000004240,1,88000000004293
89000000004241,1,88000000004259
89000000004242,1,88000000004458
89000000004243,1,88000000004271
89000000004244,1,88000000004388
89000000004245,1,88000000004391
89000000004246,1,88000000004103
89000000004247,1,88000000004332
89000000004248,1,88000000004243
89000000004249,1,88000000004515
89000000004250,1,88000000004416
89000000004251,1,88000000004128
89000000004252,1,88000000004255
89000000004253,1,88000000004211
89000000004254,1,88000000004311
89000000004255,1,88000000003918
89000000004257,1,88000000004365
89000000004258,1,88000000004187
89000000004260,1,88000000003548
89000000004261,1,88000000004288
89000000004262,1,88000000004127
89000000004264,1,88000000004241
89000000004265,1,88000000004225
89000000004266,1,88000000004526
89000000004267,1,88000000004244
89000000004268,1,88000000004470
89000000004269,1,88000000004509
89000000004270,1,88000000004312
89000000004271,1,88000000004131
89000000004272,1,88000000004232
89000000004273,1,88000000004227
89000000004274,1,88000000004336
89000000004275,1,88000000004254
89000000004276,1,88000000004523
89000000004277,1,88000000004268
89000000004278,1,88000000004234
89000000004279,1,88000000004322
89000000004280,1,88000000004313
89000000004282,1,88000000004469
89000000004283,1,88000000004715
89000000004284,1,88000000004408
89000000004285,1,88000000004245
89000000004286,1,88000000004374
89000000004287,1,88000000004344
89000000004288,1,88000000004180
89000000004289,1,88000000004223
89000000004290,1,88000000004677
89000000004291,1,88000000004261
89000000004292,1,88000000004376
89000000004293,1,88000000004314
89000000004294,1,88000000004280
89000000004295,1,88000000004340
89000000004296,1,88000000003527
89000000004298,1,88000000004792
89000000004299,1,88000000004335
89000000004300,1,88000000004327
89000000004301,1,88000000004502
89000000004302,1,88000000004492
89000000004303,1,88000000003696
89000000004304,1,88000000004248
89000000004305,1,88000000004320
89000000004306,1,88000000004203
89000000004307,1,88000000004653
89000000004308,1,88000000004472
89000000004309,1,88000000004148
89000000004310,1,88000000004474
89000000004311,1,88000000004428
89000000004312,1,88000000004080
89000000004313,1,88000000004380
89000000004314,1,88000000004215
89000000004315,1,88000000004587
89000000004316,1,88000000004463
89000000004317,1,88000000005352
89000000004318,1,88000000004273
89000000004319,1,88000000004305
89000000004320,1,88000000004367
89000000004321,1,88000000004624
89000000004322,1,88000000004716
89000000004323,1,88000000004027
89000000004324,1,88000000004686
89000000004325,1,88000000004439
89000000004326,1,88000000004277
89000000004327,1,88000000004290
89000000004328,1,88000000004296
89000000004329,1,88000000004339
89000000004331,1,88000000004751
89000000004332,1,88000000004582
89000000004333,1,88000000003883
89000000004334,1,88000000004561
89000000004335,1,88000000004730
89000000004336,1,88000000003404
89000000004337,1,88000000004186
89000000004338,1,88000000003451
89000000004339,1,88000000004258
89000000004340,1,88000000003943
89000000004341,1,88000000004488
89000000004342,1,88000000004430
89000000004343,1,88000000004476
89000000004344,1,88000000004422
89000000004345,1,88000000004328
89000000004346,1,88000000004228
89000000004347,1,88000000004396
89000000004348,1,88000000004590
89000000004349,2,"88000000004360,88000000019054"
89000000004350,1,88000000004251
89000000004351,1,88000000004460
89000000004352,1,88000000004028
89000000004353,1,88000000004615
89000000004354,1,88000000004308
89000000004355,1,88000000003023
89000000004356,1,88000000003776
89000000004357,1,88000000004442
89000000004359,1,88000000004270
89000000004360,1,88000000004386
89000000004362,1,88000000004358
89000000004363,1,88000000004047
89000000004364,1,88000000004464
89000000004365,1,88000000004297
89000000004366,1,88000000004371
89000000004367,1,88000000004754
89000000004368,1,88000000004377
89000000004369,1,88000000004405
89000000004371,1,88000000004315
89000000004372,1,88000000004302
89000000004373,1,88000000004449
89000000004374,1,88000000004833
89000000004375,1,88000000004395
89000000004376,1,88000000004331
89000000004377,1,88000000004200
89000000004378,1,88000000004947
89000000004379,1,88000000004362
89000000004380,1,88000000004338
89000000004381,1,88000000004616
89000000004382,1,88000000004411
89000000004383,1,88000000004300
89000000004384,1,88000000004069
89000000004386,1,88000000004511
89000000004387,1,88000000004323
89000000004388,1,88000000002951
89000000004389,2,"88000000004934,88000000014403"
89000000004390,1,88000000004394
89000000004391,1,88000000004291
89000000004392,1,88000000004221
89000000004394,1,88000000004363
89000000004395,1,88000000004516
89000000004396,1,88000000002897
89000000004397,1,88000000004482
89000000004398,1,88000000004289
89000000004399,1,88000000004473
89000000004400,1,88000000004318
89000000004401,1,88000000004210
89000000004402,1,88000000007913
89000000004403,1,88000000004373
89000000004404,1,88000000003668
89000000004405,1,88000000004378
89000000004406,1,88000000004692
89000000004407,1,88000000004404
89000000004408,1,88000000004451
89000000004409,1,88000000004403
89000000004411,1,88000000004519
89000000004412,1,88000000004343
89000000004413,1,88000000004668
89000000004414,1,88000000005239
89000000004415,1,88000000004574
89000000004416,1,88000000004414
89000000004417,1,88000000004424
89000000004418,1,88000000004415
89000000004419,1,88000000004397
89000000004420,1,88000000004453
89000000004421,1,88000000004364
89000000004422,1,88000000004197
89000000004423,1,88000000004528
89000000004424,1,88000000004145
89000000004425,1,88000000004494
89000000004426,1,88000000004317
89000000004428,1,88000000004487
89000000004429,1,88000000004389
89000000004430,1,88000000004433
89000000004431,1,88000000004512
89000000004432,1,88000000004406
89000000004433,1,88000000004756
89000000004434,1,88000000004491
89000000004435,1,88000000004530
89000000004436,1,88000000004381
89000000004437,1,88000000004292
89000000004438,1,88000000004372
89000000004439,1,88000000004551
89000000004441,1,88000000004347
89000000004442,1,88000000004631
89000000004443,1,88000000004438
89000000004444,1,88000000004441
89000000004445,1,88000000004465
89000000004446,1,88000000004759
89000000004447,1,88000000004567
89000000004449,1,88000000004504
89000000004450,1,88000000004505
89000000004451,1,88000000003954
89000000004452,1,88000000004436
89000000004453,1,88000000004278
89000000004454,1,88000000004745
89000000004455,1,88000000005170
89000000004456,1,88000000004531
89000000004457,1,88000000004351
89000000004458,1,88000000004493
89000000004459,1,88000000004435
89000000004460,1,88000000004537
89000000004461,1,88000000004887
89000000004462,1,88000000004382
89000000004463,2,"88000000002411,88000000008427"
89000000004464,1,88000000004545
89000000004465,1,88000000004477
89000000004466,1,88000000004450
89000000004467,1,88000000004578
89000000004468,1,88000000004486
89000000004469,1,88000000004570
89000000004470,1,88000000004420
89000000004471,1,88000000004597
89000000004472,1,88000000004421
89000000004473,1,88000000004672
89000000004474,1,88000000004698
89000000004475,1,88000000004443
89000000004476,1,88000000004535
89000000004477,1,88000000004495
89000000004478,1,88000000004466
89000000004479,1,88000000004399
89000000004480,1,88000000004655
89000000004481,1,88000000004250
89000000004482,1,88000000004635
89000000004483,1,88000000004425
89000000004484,1,88000000004393
89000000004485,1,88000000004510
89000000004486,1,88000000004702
89000000004487,1,88000000004384
89000000004488,1,88000000004447
89000000004489,1,88000000004955
89000000004490,1,88000000004440
89000000004492,1,88000000004609
89000000004493,1,88000000004517
89000000004494,1,88000000004361
89000000004496,1,88000000004547
89000000004497,1,88000000004419
89000000004498,1,88000000004501
89000000004499,1,88000000004626
89000000004500,1,88000000004589
89000000004501,1,88000000004807
89000000004502,1,88000000004410
89000000004503,1,88000000004648
89000000004504,1,88000000004542
89000000004505,1,88000000004456
89000000004506,1,88000000004479
89000000004508,1,88000000004434
89000000004509,1,88000000004764
89000000004510,1,88000000004329
89000000004511,1,88000000003875
89000000004512,1,88000000004654
89000000004513,1,88000000004594
89000000004515,1,88000000004533
89000000004516,1,88000000004548
89000000004517,1,88000000004478
89000000004518,1,88000000004452
89000000004519,1,88000000005594
89000000004520,1,88000000004753
89000000004521,1,88000000004658
89000000004522,1,88000000004534
89000000004523,1,88000000004659
89000000004524,1,88000000004513
89000000004525,1,88000000004556
89000000004526,1,88000000003807
89000000004527,1,88000000004770
89000000004528,1,88000000004591
89000000004529,1,88000000004643
89000000004530,1,88000000004457
89000000004531,1,88000000004555
89000000004532,1,88000000004468
89000000004533,1,88000000004025
89000000004534,1,88000000004467
89000000004535,1,88000000004706
89000000004536,1,88000000004483
89000000004537,1,88000000004693
89000000004538,2,"88000000004708,88000000011247"
89000000004539,2,"88000000004461,88000000014156"
89000000004541,1,88000000004500
89000000004542,1,88000000004656
89000000004543,1,88000000004601
89000000004545,1,88000000004520
89000000004546,1,88000000004618
89000000004547,1,88000000004560
89000000004548,1,88000000004579
89000000004549,1,88000000004426
89000000004550,1,88000000004342
89000000004551,1,88000000004213
89000000004552,1,88000000004532
89000000004553,1,88000000004540
89000000004554,1,88000000004854
89000000004555,1,88000000004385
89000000004556,1,88000000004346
89000000004557,1,88000000004429
89000000004558,1,88000000004539
89000000004559,1,88000000004599
89000000004560,1,88000000004437
89000000004561,1,88000000004525
89000000004562,1,88000000004586
89000000004563,1,88000000004149
89000000004564,1,88000000004485
89000000004565,1,88000000004779
89000000004566,1,88000000004108
89000000004567,1,88000000004691
89000000004568,1,88000000004617
89000000004569,1,88000000004506
89000000004570,1,88000000004627
89000000004571,1,88000000004612
89000000004572,1,88000000004748
89000000004573,1,88000000005472
89000000004575,1,88000000004636
89000000004576,1,88000000004543
89000000004577,1,88000000004608
89000000004578,1,88000000004825
89000000004579,1,88000000004857
89000000004580,1,88000000004566
89000000004582,1,88000000004549
89000000004583,1,88000000004524
89000000004584,1,88000000004407
89000000004585,1,88000000004518
89000000004586,1,88000000004490
89000000004587,1,88000000004605
89000000004588,1,88000000004600
89000000004589,1,88000000004847
89000000004590,1,88000000004562
89000000004592,1,88000000003985
89000000004593,1,88000000004583
89000000004595,1,88000000005907
89000000004596,1,88000000004536
89000000004597,1,88000000004762
89000000004598,1,88000000004541
89000000004599,1,88000000004550
89000000004600,1,88000000004747
89000000004601,1,88000000004529
89000000004602,1,88000000004602
89000000004603,1,88000000004489
89000000004604,1,88000000004387
89000000004605,1,88000000004584
89000000004606,1,88000000004496
89000000004607,1,88000000004475
89000000004608,1,88000000004680
89000000004610,1,88000000004604
89000000004611,1,88000000004633
89000000004612,1,88000000004669
89000000004613,1,88000000005002
89000000004614,1,88000000004514
89000000004615,1,88000000004661
89000000004616,1,88000000004632
89000000004617,1,88000000004701
89000000004618,1,88000000003988
89000000004619,1,88000000004699
89000000004620,1,88000000004423
89000000004621,1,88000000004092
89000000004622,1,88000000004350
89000000004623,1,88000000004257
89000000004624,1,88000000004662
89000000004625,1,88000000004623
89000000004626,1,88000000004349
89000000004627,1,88000000004724
89000000004628,1,88000000004684
89000000004629,1,88000000004553
89000000004630,1,88000000004818
89000000004631,1,88000000004621
89000000004632,1,88000000004954
89000000004633,1,88000000004638
89000000004634,1,88000000004709
89000000004635,1,88000000004863
89000000004636,1,88000000004726
89000000004637,1,88000000004392
89000000004638,1,88000000004795
89000000004639,1,88000000004853
89000000004640,1,88000000004665
89000000004641,1,88000000004390
89000000004642,1,88000000004596
89000000004643,1,88000000004552
89000000004644,1,88000000004644
89000000004645,1,88000000004670
89000000004646,1,88000000004354
89000000004647,1,88000000004723
89000000004648,1,88000000004558
89000000004649,1,88000000004744
89000000004650,1,88000000004564
89000000004651,1,88000000004521
89000000004652,1,88000000004972
89000000004653,1,88000000004752
89000000004654,1,88000000004652
89000000004655,1,88000000004717
89000000004656,1,88000000004800
89000000004657,1,88000000004559
89000000004658,1,88000000004646
89000000004659,1,88000000004835
89000000004660,1,88000000004412
89000000004661,1,88000000004734
89000000004662,1,88000000005119
89000000004663,1,88000000005274
89000000004664,1,88000000004828
89000000004665,1,88000000004742
89000000004666,1,88000000004625
89000000004667,1,88000000004619
89000000004668,1,88000000004481
89000000004669,1,88000000004707
89000000004670,1,88000000004789
89000000004671,1,88000000004714
89000000004672,1,88000000004606
89000000004673,1,88000000004783
89000000004674,1,88000000004808
89000000004676,1,88000000005063
89000000004677,1,88000000004678
89000000004678,1,88000000004673
89000000004679,1,88000000004688
89000000004680,1,88000000004750
89000000004681,1,88000000004676
89000000004682,1,88000000004674
89000000004683,1,88000000004663
89000000004684,1,88000000004722
89000000004685,1,88000000004369
89000000004686,1,88000000004731
89000000004687,1,88000000004687
89000000004688,1,88000000003989
89000000004689,2,"88000000004710,88000000016489"
89000000004690,1,88000000005215
89000000004691,1,88000000004856
89000000004692,1,88000000004622
89000000004693,1,88000000004641
89000000004694,1,88000000004695
89000000004695,1,88000000004757
89000000004696,1,88000000004683
89000000004697,1,88000000004725
89000000004698,1,88000000004581
89000000004699,1,88000000004788
89000000004700,1,88000000004765
89000000004701,1,88000000004130
89000000004702,1,88000000004640
89000000004703,1,88000000004916
89000000004704,1,88000000004914
89000000004705,1,88000000004794
89000000004706,1,88000000004660
89000000004707,1,88000000004577
89000000004708,1,88000000004721
89000000004710,1,88000000004614
89000000004711,1,88000000004675
89000000004712,1,88000000004334
89000000004713,1,88000000004720
89000000004714,2,"88000000005054,88000000013214"
89000000004715,1,88000000004697
89000000004716,1,88000000004824
89000000004717,1,88000000004981
89000000004718,1,88000000004743
89000000004720,1,88000000004694
89000000004723,1,88000000004987
89000000004725,1,88000000004557
89000000004726,1,88000000004471
89000000004727,1,88000000004689
89000000004728,1,88000000005145
89000000004729,1,88000000004874
89000000004730,1,88000000004815
89000000004731,1,88000000004637
89000000004732,1,88000000004700
89000000004733,1,88000000004962
89000000004734,1,88000000004592
89000000004735,1,88000000004780
89000000004736,1,88000000004740
89000000004737,1,88000000004554
89000000004738,1,88000000004878
89000000004739,1,88000000004860
89000000004740,2,"88000000004886,88000000016644"
89000000004741,1,88000000005192
89000000004742,1,88000000005142
89000000004743,1,88000000004666
89000000004744,1,88000000004650
89000000004745,1,88000000004761
89000000004746,1,88000000004889
89000000004747,1,88000000003477
89000000004748,1,88000000004834
89000000004749,1,88000000004679
89000000004750,1,88000000004588
89000000004751,1,88000000004739
89000000004753,1,88000000004787
89000000004754,1,88000000004925
89000000004755,1,88000000004603
89000000004756,1,88000000004777
89000000004757,1,88000000004823
89000000004758,1,88000000004803
89000000004759,1,88000000004821
89000000004760,1,88000000003986
89000000004761,1,88000000004816
89000000004763,1,88000000004565
89000000004764,1,88000000004522
89000000004765,1,88000000004915
89000000004767,1,88000000004766
89000000004768,1,88000000004758
89000000004769,1,88000000004837
89000000004770,1,88000000004906
89000000004771,1,88000000004829
89000000004772,1,88000000003891
89000000004773,1,88000000004941
89000000004774,1,88000000004499
89000000004775,1,88000000005034
89000000004776,1,88000000004718
89000000004777,1,88000000005026
89000000004778,1,88000000004817
89000000004779,2,"88000000004813,88000000016995"
89000000004780,1,88000000005118
89000000004781,2,"88000000004729,88000000012017"
89000000004782,1,88000000004806
89000000004783,1,88000000004301
89000000004784,1,88000000004970
89000000004788,1,88000000004568
89000000004789,1,88000000004595
89000000004790,1,88000000004810
89000000004791,2,"88000000004776,88000000017181"
89000000004792,1,88000000004844
89000000004793,1,88000000004793
89000000004794,1,88000000004165
89000000004797,1,88000000004827
89000000004798,1,88000000004896
89000000004799,1,88000000004749
89000000004800,1,88000000005068
89000000004801,1,88000000004868
89000000004802,1,88000000004685
89000000004803,1,88000000004851
89000000004804,1,88000000005153
89000000004805,1,88000000005049
89000000004806,1,88000000005155
89000000004807,1,88000000004879
89000000004808,1,88000000004901
89000000004809,1,88000000004924
89000000004811,1,88000000005721
89000000004812,1,88000000004984
89000000004813,1,88000000004923
89000000004814,1,88000000004719
89000000004815,1,88000000004705
89000000004816,1,88000000004696
89000000004817,1,88000000004735
89000000004818,1,88000000004607
89000000004819,1,88000000004448
89000000004820,1,88000000004927
89000000004822,1,88000000004843
89000000004823,1,88000000004832
89000000004824,1,88000000004831
89000000004826,1,88000000004379
89000000004828,1,88000000004838
89000000004829,1,88000000005353
89000000004830,1,88000000005012
89000000004832,1,88000000004842
89000000004833,1,88000000004576
89000000004835,1,88000000006190
89000000004836,1,88000000004839
89000000004837,1,88000000004946
89000000004839,1,88000000004939
89000000004840,1,88000000004855
89000000004841,1,88000000004977
89000000004842,1,88000000004801
89000000004843,1,88000000005036
89000000004844,1,88000000004975
89000000004845,1,88000000004814
89000000004847,1,88000000004804
89000000004850,1,88000000004905
89000000004851,1,88000000004820
89000000004852,1,88000000004932
89000000004853,2,"88000000006622,88000000010200"
89000000004854,1,88000000004861
89000000004855,1,88000000004944
89000000004856,1,88000000004826
89000000004857,1,88000000004763
89000000004858,1,88000000004904
89000000004859,1,88000000004272
89000000004860,1,88000000004991
89000000004861,1,88000000004755
89000000004862,1,88000000006557
89000000004863,1,88000000005289
89000000004864,1,88000000004775
89000000004865,1,88000000004575
89000000004866,1,88000000004903
89000000004868,1,88000000004876
89000000004869,1,88000000004931
89000000004870,1,88000000004785
89000000004871,1,88000000004926
89000000004872,1,88000000004836
89000000004873,1,88000000004573
89000000004874,1,88000000005975
89000000004875,1,88000000004897
89000000004876,1,88000000004845
89000000004877,1,88000000004933
89000000004878,1,88000000004598
89000000004879,1,88000000004922
89000000004880,1,88000000004875
89000000004881,1,88000000004942
89000000004882,1,88000000004850
89000000004883,1,88000000006280
89000000004884,1,88000000004768
89000000004885,1,88000000005065
89000000004887,1,88000000004872
89000000004888,1,88000000004809
89000000004889,1,88000000005031
89000000004891,1,88000000005013
89000000004892,1,88000000004979
89000000004893,1,88000000005148
89000000004894,1,88000000004920
89000000004895,1,88000000005052
89000000004896,1,88000000005074
89000000004897,1,88000000005066
89000000004898,1,88000000005149
89000000004899,1,88000000005165
89000000004900,1,88000000004859
89000000004901,1,88000000004480
89000000004902,1,88000000004986
89000000004903,1,88000000004883
89000000004904,1,88000000004639
89000000004905,1,88000000004865
89000000004906,1,88000000004703
89000000004907,1,88000000003603
89000000004908,1,88000000005035
89000000004909,1,88000000005452
89000000004910,1,88000000004910
89000000004911,1,88000000004908
89000000004912,1,88000000005138
89000000004913,1,88000000004432
89000000004914,1,88000000004952
89000000004915,1,88000000005331
89000000004916,1,88000000004894
89000000004917,1,88000000005132
89000000004918,2,"88000000005922,88000000021835"
89000000004920,1,88000000004812
89000000004921,1,88000000004885
89000000004922,1,88000000004988
89000000004923,1,88000000004966
89000000004924,2,"88000000005258,88000000005084"
89000000004925,2,"88000000005008,88000000017756"
89000000004926,1,88000000005017
89000000004927,1,88000000005010
89000000004928,1,88000000007807
89000000004929,1,88000000004959
89000000004930,1,88000000005093
89000000004931,1,88000000005532
89000000004932,1,88000000005342
89000000004933,1,88000000005466
89000000004934,1,88000000005828
89000000004935,1,88000000004950
89000000004936,1,88000000005023
89000000004937,1,88000000004895
89000000004938,1,88000000004864
89000000004939,1,88000000005185
89000000004940,1,88000000004995
89000000004941,1,88000000004890
89000000004942,1,88000000005055
89000000004943,1,88000000004937
89000000004944,1,88000000004985
89000000004945,1,88000000005033
89000000004946,2,"88000000005439,88000000017379"
89000000004947,1,88000000004919
89000000004948,1,88000000005046
89000000004949,1,88000000005003
89000000004950,1,88000000004958
89000000004951,1,88000000004858
89000000004952,1,88000000004634
89000000004953,1,88000000004911
89000000004954,1,88000000004960
89000000004955,1,88000000004976
89000000004956,1,88000000004993
89000000004957,1,88000000005128
89000000004958,1,88000000004264
89000000004959,1,88000000004811
89000000004960,1,88000000005011
89000000004961,1,88000000004912
89000000004962,1,88000000004822
89000000004963,1,88000000004802
89000000004965,1,88000000006080
89000000004966,1,88000000004767
89000000004967,1,88000000004980
89000000004968,1,88000000005386
89000000004969,1,88000000004909
89000000004970,1,88000000004899
89000000004971,1,88000000005139
89000000004972,1,88000000005199
89000000004973,1,88000000004930
89000000004975,1,88000000005079
89000000004976,1,88000000004891
89000000004977,1,88000000004671
89000000004978,1,88000000005249
89000000004979,1,88000000005086
89000000004980,1,88000000004880
89000000004981,1,88000000003365
89000000004982,1,88000000004727
89000000004984,1,88000000005099
89000000004986,1,88000000005021
89000000004987,1,88000000004968
89000000004988,1,88000000005282
89000000004989,1,88000000005133
89000000004990,1,88000000004949
89000000004991,1,88000000006196
89000000004992,1,88000000004929
89000000004993,1,88000000004943
89000000004994,1,88000000004978
89000000004995,1,88000000004971
89000000004996,1,88000000005310
89000000004997,1,88000000004798
89000000004998,1,88000000004790
89000000004999,1,88000000005100
89000000005000,1,88000000004996
89000000005001,1,88000000004866
89000000005002,1,88000000004585
89000000005003,1,88000000005095
89000000005004,1,88000000005822
89000000005005,1,88000000004316
89000000005006,1,88000000004940
89000000005007,1,88000000005077
89000000005008,1,88000000005064
89000000005009,1,88000000005044
89000000005010,1,88000000005247
89000000005011,1,88000000005039
89000000005012,1,88000000005101
89000000005013,1,88000000005032
89000000005014,1,88000000004888
89000000005015,1,88000000005043
89000000005016,2,"88000000005478,88000000014804"
89000000005017,1,88000000004849
89000000005019,1,88000000005048
89000000005021,1,88000000004620
89000000005023,1,88000000004951
89000000005024,1,88000000005184
89000000005025,1,88000000004964
89000000005026,1,88000000004871
89000000005027,1,88000000005278
89000000005028,1,88000000005355
89000000005029,1,88000000005193
89000000005030,1,88000000005028
89000000005031,1,88000000004772
89000000005032,1,88000000005333
89000000005033,1,88000000005045
89000000005034,1,88000000005475
89000000005035,1,88000000004935
89000000005036,1,88000000005120
89000000005037,1,88000000005322
89000000005039,1,88000000004982
89000000005040,1,88000000005130
89000000005041,1,88000000005022
89000000005042,1,88000000005067
89000000005043,1,88000000005024
89000000005044,1,88000000005058
89000000005045,1,88000000005294
89000000005047,1,88000000005106
89000000005048,1,88000000005081
89000000005049,1,88000000005125
89000000005050,1,88000000005910
89000000005051,1,88000000004974
89000000005052,1,88000000004869
89000000005053,1,88000000004936
89000000005054,1,88000000005009
89000000005055,1,88000000004961
89000000005056,1,88000000005102
89000000005058,1,88000000005076
89000000005059,1,88000000005183
89000000005060,1,88000000004791
89000000005061,1,88000000005194
89000000005062,1,88000000004918
89000000005063,1,88000000005166
89000000005064,1,88000000005131
89000000005065,1,88000000004867
89000000005066,1,88000000004781
89000000005067,1,88000000004973
89000000005068,1,88000000003928
89000000005069,1,88000000004782
89000000005070,1,88000000005335
89000000005071,1,88000000005396
89000000005072,1,88000000004819
89000000005073,1,88000000004784
89000000005074,1,88000000005080
89000000005075,1,88000000005171
89000000005076,2,"88000000004799,88000000010611"
89000000005077,1,88000000004992
89000000005078,1,88000000005187
89000000005079,1,88000000005116
89000000005080,1,88000000005089
89000000005081,1,88000000005144
89000000005082,1,88000000005085
89000000005084,1,88000000005242
89000000005085,1,88000000005071
89000000005086,1,88000000004956
89000000005087,1,88000000005140
89000000005088,1,88000000005260
89000000005089,1,88000000005214
89000000005090,1,88000000005207
89000000005092,1,88000000005159
89000000005093,1,88000000005109
89000000005095,1,88000000005040
89000000005096,1,88000000005318
89000000005097,1,88000000005072
89000000005098,1,88000000004413
89000000005099,1,88000000004938
89000000005100,1,88000000005527
89000000005101,1,88000000005172
89000000005103,1,88000000005020
89000000005104,1,88000000005073
89000000005105,1,88000000005056
89000000005106,1,88000000005015
89000000005107,1,88000000005150
89000000005108,1,88000000005259
89000000005109,1,88000000005257
89000000005110,1,88000000005343
89000000005111,1,88000000005442
89000000005112,1,88000000004997
89000000005113,1,88000000005047
89000000005114,1,88000000005111
89000000005115,1,88000000005321
89000000005116,1,88000000005090
89000000005117,1,88000000005223
89000000005118,1,88000000005203
89000000005119,1,88000000005110
89000000005120,1,88000000004884
89000000005121,1,88000000005091
89000000005122,1,88000000005369
89000000005124,1,88000000005098
89000000005125,1,88000000003614
89000000005126,1,88000000005053
89000000005127,1,88000000005644
89000000005128,1,88000000005186
89000000005129,1,88000000004862
89000000005130,1,88000000005107
89000000005131,1,88000000005042
89000000005132,1,88000000005340
89000000005133,1,88000000005004
89000000005134,1,88000000005096
89000000005135,1,88000000005088
89000000005136,1,88000000005440
89000000005138,1,88000000005237
89000000005139,1,88000000005307
89000000005140,1,88000000005488
89000000005141,1,88000000005092
89000000005143,1,88000000005200
89000000005144,1,88000000005164
89000000005145,1,88000000005075
89000000005146,1,88000000005136
89000000005147,1,88000000005037
89000000005148,1,88000000005190
89000000005149,1,88000000005219
89000000005150,1,88000000005114
89000000005151,1,88000000005252
89000000005152,1,88000000005300
89000000005153,1,88000000005057
89000000005154,1,88000000005050
89000000005155,1,88000000005344
89000000005156,1,88000000005108
89000000005157,1,88000000005222
89000000005158,1,88000000005175
89000000005159,1,88000000005673
89000000005160,1,88000000005235
89000000005161,1,88000000005230
89000000005162,1,88000000005097
89000000005163,1,88000000005206
89000000005164,1,88000000004913
89000000005165,1,88000000005117
89000000005166,1,88000000004990
89000000005167,1,88000000005232
89000000005168,1,88000000005195
89000000005169,1,88000000005051
89000000005170,1,88000000005134
89000000005171,1,88000000005285
89000000005172,1,88000000005087
89000000005173,1,88000000005234
89000000005175,1,88000000005059
89000000005176,1,88000000005122
89000000005179,1,88000000005399
89000000005180,1,88000000004830
89000000005181,1,88000000005174
89000000005182,1,88000000006289
89000000005183,2,"88000000005319,88000000013695"
89000000005184,1,88000000005225
89000000005185,1,88000000005250
89000000005187,1,88000000005314
89000000005188,1,88000000005238
89000000005189,1,88000000005018
89000000005190,1,88000000005173
89000000005191,1,88000000005304
89000000005192,1,88000000005607
89000000005193,1,88000000005248
89000000005195,1,88000000004572
89000000005196,1,88000000005103
89000000005197,1,88000000004898
89000000005198,1,88000000005226
89000000005199,1,88000000005368
89000000005200,1,88000000005143
89000000005201,1,88000000005061
89000000005202,1,88000000005154
89000000005203,1,88000000005007
89000000005204,1,88000000005220
89000000005205,1,88000000005264
89000000005206,1,88000000005006
89000000005207,1,88000000005112
89000000005208,1,88000000005326
89000000005209,1,88000000005030
89000000005210,1,88000000005196
89000000005211,1,88000000005357
89000000005213,1,88000000004983
89000000005214,1,88000000004852
89000000005215,1,88000000006562
89000000005216,1,88000000005317
89000000005217,1,88000000005179
89000000005219,1,88000000005124
89000000005220,1,88000000005227
89000000005221,1,88000000005115
89000000005222,1,88000000005255
89000000005223,1,88000000005363
89000000005224,1,88000000005291
89000000005225,1,88000000005251
89000000005226,1,88000000005176
89000000005227,1,88000000005014
89000000005228,1,88000000005432
89000000005229,1,88000000005216
89000000005230,1,88000000005325
89000000005231,1,88000000005494
89000000005232,1,88000000005268
89000000005233,1,88000000004778
89000000005234,1,88000000005218
89000000005235,1,88000000005963
89000000005236,1,88000000004948
89000000005237,1,88000000005299
89000000005238,1,88000000005197
89000000005239,1,88000000005204
89000000005240,1,88000000004999
89000000005241,1,88000000004969
89000000005242,1,88000000005574
89000000005243,1,88000000005245
89000000005244,1,88000000004398
89000000005245,1,88000000005265
89000000005246,1,88000000005501
89000000005247,1,88000000005243
89000000005249,1,88000000004989
89000000005250,1,88000000005467
89000000005251,1,88000000004462
89000000005252,1,88000000005202
89000000005254,1,88000000005415
89000000005255,1,88000000005180
89000000005256,1,88000000005178
89000000005257,1,88000000005746
89000000005258,1,88000000005455
89000000005259,1,88000000005887
89000000005261,1,88000000005609
89000000005263,1,88000000005441
89000000005264,1,88000000005397
89000000005265,1,88000000005298
89000000005266,1,88000000005276
89000000005267,1,88000000005406
89000000005268,1,88000000005181
89000000005269,1,88000000005332
89000000005270,1,88000000005254
89000000005271,1,88000000005383
89000000005272,1,88000000005160
89000000005273,1,88000000005158
89000000005274,1,88000000005217
89000000005275,1,88000000005295
89000000005276,1,88000000005188
89000000005277,1,88000000005497
89000000005278,1,88000000005381
89000000005279,1,88000000005273
89000000005280,1,88000000005182
89000000005281,1,88000000005211
89000000005283,1,88000000005129
89000000005284,1,88000000005891
89000000005285,1,88000000005167
89000000005286,1,88000000005161
89000000005287,1,88000000005361
89000000005288,1,88000000004841
89000000005290,1,88000000005311
89000000005291,1,88000000005306
89000000005292,1,88000000005126
89000000005293,1,88000000005427
89000000005294,1,88000000005358
89000000005295,1,88000000003915
89000000005296,1,88000000005152
89000000005297,1,88000000005263
89000000005298,1,88000000007259
89000000005299,1,88000000005169
89000000005300,1,88000000005137
89000000005301,1,88000000005141
89000000005302,1,88000000005168
89000000005303,1,88000000005309
89000000005304,1,88000000005545
89000000005306,1,88000000005246
89000000005307,1,88000000005162
89000000005308,1,88000000005272
89000000005309,1,88000000005284
89000000005310,1,88000000005069
89000000005311,1,88000000005468
89000000005312,1,88000000005286
89000000005313,1,88000000005269
89000000005314,1,88000000005271
89000000005315,1,88000000005351
89000000005316,1,88000000005633
89000000005317,2,"88000000005405,88000000014045"
89000000005318,1,88000000005163
89000000005319,1,88000000005460
89000000005320,1,88000000005990
89000000005321,1,88000000005241
89000000005323,1,88000000005456
89000000005324,1,88000000005376
89000000005326,1,88000000005639
89000000005327,1,88000000005425
89000000005328,1,88000000005421
89000000005329,1,88000000004882
89000000005330,2,"88000000005384,88000000016539"
89000000005331,1,88000000005270
89000000005332,1,88000000005213
89000000005333,1,88000000005308
89000000005334,1,88000000005430
89000000005336,1,88000000005016
89000000005337,1,88000000005374
89000000005338,1,88000000004307
89000000005339,1,88000000005720
89000000005340,1,88000000005537
89000000005341,1,88000000005330
89000000005342,1,88000000005205
89000000005343,2,"88000000005323,88000000014398"
89000000005344,1,88000000005280
89000000005345,1,88000000005327
89000000005346,1,88000000005041
89000000005347,1,88000000005424
89000000005350,1,88000000005446
89000000005352,1,88000000005647
89000000005353,1,88000000005371
89000000005354,1,88000000005411
89000000005355,1,88000000005505
89000000005358,1,88000000005302
89000000005359,1,88000000005407
89000000005360,1,88000000006011
89000000005361,1,88000000004238
89000000005362,1,88000000005784
89000000005363,1,88000000005350
89000000005364,1,88000000005375
89000000005365,1,88000000005313
89000000005366,1,88000000004965
89000000005367,1,88000000005513
89000000005369,1,88000000005595
89000000005370,1,88000000005395
89000000005372,1,88000000005495
89000000005373,1,88000000005398
89000000005374,1,88000000005781
89000000005375,1,88000000005354
89000000005376,1,88000000005029
89000000005377,1,88000000006374
89000000005379,1,88000000005094
89000000005380,1,88000000005189
89000000005381,1,88000000005477
89000000005382,1,88000000005391
89000000005383,1,88000000005408
89000000005384,1,88000000005464
89000000005385,1,88000000005356
89000000005386,1,88000000005671
89000000005387,1,88000000005419
89000000005388,1,88000000005573
89000000005389,1,88000000005365
89000000005390,1,88000000006878
89000000005392,1,88000000005614
89000000005393,1,88000000005385
89000000005394,1,88000000005410
89000000005395,1,88000000005364
89000000005396,1,88000000005370
89000000005397,1,88000000005429
89000000005398,1,88000000005347
89000000005399,1,88000000005498
89000000005400,1,88000000005906
89000000005401,1,88000000005403
89000000005402,1,88000000005980
89000000005403,1,88000000005390
89000000005404,1,88000000005473
89000000005405,1,88000000004877
89000000005406,1,88000000005724
89000000005407,1,88000000005412
89000000005408,1,88000000005409
89000000005409,1,88000000005336
89000000005410,1,88000000005489
89000000005411,2,"88000000005725,88000000021298"
89000000005412,1,88000000005492
89000000005413,1,88000000005382
89000000005414,1,88000000005740
89000000005415,1,88000000005231
89000000005416,1,88000000005301
89000000005417,1,88000000005998
89000000005418,1,88000000005581
89000000005419,1,88000000005292
89000000005420,1,88000000005416
89000000005421,1,88000000005438
89000000005422,1,88000000005229
89000000005423,1,88000000005329
89000000005424,1,88000000005485
89000000005425,1,88000000005608
89000000005426,1,88000000005681
89000000005427,1,88000000005360
89000000005428,1,88000000005462
89000000005429,1,88000000005474
89000000005430,1,88000000005418
89000000005431,1,88000000005763
89000000005432,1,88000000004667
89000000005433,1,88000000005496
89000000005434,1,88000000005341
89000000005435,1,88000000005070
89000000005436,1,88000000005624
89000000005437,1,88000000005511
89000000005438,1,88000000005277
89000000005439,1,88000000005567
89000000005440,1,88000000005623
89000000005441,1,88000000005507
89000000005442,1,88000000005392
89000000005444,1,88000000005312
89000000005445,1,88000000005463
89000000005446,1,88000000005236
89000000005447,1,88000000005550
89000000005449,1,88000000005544
89000000005450,1,88000000005548
89000000005451,1,88000000005339
89000000005453,1,88000000005543
89000000005454,1,88000000005708
89000000005455,1,88000000005615
89000000005456,1,88000000005713
89000000005457,1,88000000005480
89000000005458,1,88000000005597
89000000005459,1,88000000005387
89000000005460,1,88000000006110
89000000005461,1,88000000005414
89000000005462,1,88000000005509
89000000005463,1,88000000004786
89000000005464,1,88000000005389
89000000005465,1,88000000006020
89000000005466,1,88000000005422
89000000005467,1,88000000005616
89000000005468,1,88000000005696
89000000005469,1,88000000005618
89000000005470,1,88000000005453
89000000005471,1,88000000005320
89000000005472,1,88000000005932
89000000005473,1,88000000005560
89000000005474,1,88000000005417
89000000005475,1,88000000004902
89000000005476,1,88000000005458
89000000005477,1,88000000005470
89000000005478,1,88000000005587
89000000005479,1,88000000005566
89000000005480,1,88000000005549
89000000005482,1,88000000005449
89000000005483,2,"88000000005897,88000000015585"
89000000005484,1,88000000004352
89000000005485,1,88000000005486
89000000005486,1,88000000005518
89000000005487,1,88000000005212
89000000005488,1,88000000005367
89000000005489,1,88000000005601
89000000005490,1,88000000005530
89000000005491,1,88000000006935
89000000005492,1,88000000005378
89000000005493,1,88000000005555
89000000005494,1,88000000005388
89000000005495,1,88000000005909
89000000005496,1,88000000005546
89000000005497,1,88000000005201
89000000005498,1,88000000005510
89000000005499,1,88000000005420
89000000005500,1,88000000005447
89000000005501,1,88000000005814
89000000005502,1,88000000005584
89000000005503,1,88000000005437
89000000005504,1,88000000005629
89000000005505,1,88000000004994
89000000005506,1,88000000005394
89000000005507,1,88000000005823
89000000005508,1,88000000005377
89000000005510,1,88000000005261
89000000005511,1,88000000005635
89000000005512,1,88000000005612
89000000005513,1,88000000005847
89000000005514,1,88000000005933
89000000005515,1,88000000005619
89000000005516,1,88000000005540
89000000005517,1,88000000005557
89000000005519,1,88000000005454
89000000005520,1,88000000005562
89000000005521,1,88000000005459
89000000005522,1,88000000005665
89000000005523,1,88000000005516
89000000005524,1,88000000005735
89000000005525,1,88000000005393
89000000005526,1,88000000005520
89000000005527,1,88000000005613
89000000005528,1,88000000005774
89000000005529,1,88000000005428
89000000005530,1,88000000005798
89000000005531,1,88000000004907
89000000005532,1,88000000005669
89000000005533,1,88000000005435
89000000005534,1,88000000005517
89000000005535,1,88000000005553
89000000005536,1,88000000005484
89000000005537,1,88000000005450
89000000005538,1,88000000005676
89000000005539,1,88000000005707
89000000005541,1,88000000005934
89000000005542,1,88000000005471
89000000005543,1,88000000005526
89000000005544,1,88000000005514
89000000005545,1,88000000005512
89000000005547,1,88000000005362
89000000005548,1,88000000005738
89000000005550,1,88000000005733
89000000005552,1,88000000005579
89000000005554,1,88000000005256
89000000005555,1,88000000006083
89000000005556,1,88000000005580
89000000005557,1,88000000005603
89000000005558,1,88000000005875
89000000005559,1,88000000005628
89000000005560,1,88000000005457
89000000005561,1,88000000005372
89000000005562,1,88000000005959
89000000005563,1,88000000005993
89000000005564,1,88000000005611
89000000005566,1,88000000005060
89000000005567,1,88000000005841
89000000005568,1,88000000005589
89000000005569,1,88000000005858
89000000005570,1,88000000005693
89000000005571,1,88000000005610
89000000005572,1,88000000005672
89000000005573,1,88000000005379
89000000005574,1,88000000005675
89000000005575,1,88000000005570
89000000005576,1,88000000005531
89000000005577,1,88000000005499
89000000005578,1,88000000005529
89000000005579,1,88000000005593
89000000005580,1,88000000005617
89000000005581,1,88000000005434
89000000005582,1,88000000005038
89000000005583,1,88000000005666
89000000005584,1,88000000005776
89000000005585,1,88000000005775
89000000005586,1,88000000005588
89000000005587,1,88000000005431
89000000005588,1,88000000005521
89000000005589,1,88000000005742
89000000005590,1,88000000005683
89000000005591,1,88000000005770
89000000005592,1,88000000005552
89000000005593,1,88000000005767
89000000005594,1,88000000005606
89000000005595,1,88000000005536
89000000005596,1,88000000006467
89000000005597,1,88000000005768
89000000005598,1,88000000005728
89000000005600,1,88000000005541
89000000005601,1,88000000005764
89000000005602,1,88000000005674
89000000005603,1,88000000005691
89000000005605,1,88000000005585
89000000005606,1,88000000005534
89000000005607,1,88000000005700
89000000005608,1,88000000006801
89000000005609,1,88000000005556
89000000005610,1,88000000005809
89000000005611,1,88000000005481
89000000005612,1,88000000005723
89000000005613,1,88000000005791
89000000005614,1,88000000005571
89000000005615,1,88000000005939
89000000005616,1,88000000005525
89000000005617,1,88000000005621
89000000005618,1,88000000005730
89000000005619,1,88000000005465
89000000005620,1,88000000005699
89000000005621,1,88000000005493
89000000005622,1,88000000005539
89000000005623,1,88000000005702
89000000005624,2,"88000000005771,88000000017304"
89000000005625,1,88000000005792
89000000005626,1,88000000005646
89000000005627,1,88000000005808
89000000005629,1,88000000005711
89000000005630,1,88000000005576
89000000005631,1,88000000005640
89000000005632,1,88000000005558
89000000005634,1,88000000004805
89000000005635,1,88000000005402
89000000005636,1,88000000005710
89000000005637,1,88000000005565
89000000005638,1,88000000005266
89000000005639,1,88000000005655
89000000005641,1,88000000005569
89000000005642,1,88000000005528
89000000005643,1,88000000005483
89000000005644,1,88000000005634
89000000005645,1,88000000005658
89000000005646,1,88000000005650
89000000005647,1,88000000005769
89000000005648,1,88000000004195
89000000005649,1,88000000005661
89000000005650,1,88000000005895
89000000005651,1,88000000005757
89000000005652,1,88000000005719
89000000005653,1,88000000006307
89000000005654,1,88000000005642
89000000005655,1,88000000005572
89000000005656,1,88000000005482
89000000005657,1,88000000005636
89000000005658,1,88000000005732
89000000005659,1,88000000005752
89000000005660,1,88000000005632
89000000005661,1,88000000005684
89000000005662,1,88000000005835
89000000005663,2,"88000000005685,88000000014623"
89000000005664,1,88000000005638
89000000005666,1,88000000005578
89000000005667,1,88000000007188
89000000005668,1,88000000005564
89000000005669,1,88000000005476
89000000005671,1,88000000005851
89000000005672,1,88000000005641
89000000005673,1,88000000005778
89000000005674,1,88000000005854
89000000005675,1,88000000005668
89000000005676,1,88000000006041
89000000005677,1,88000000005731
89000000005678,1,88000000005745
89000000005679,1,88000000005515
89000000005680,1,88000000005817
89000000005681,1,88000000005649
89000000005684,1,88000000005863
89000000005686,1,88000000005950
89000000005687,1,88000000005577
89000000005688,1,88000000005297
89000000005690,1,88000000005627
89000000005691,1,88000000005590
89000000005692,1,88000000005893
89000000005693,1,88000000005191
89000000005694,1,88000000005758
89000000005695,1,88000000005744
89000000005696,1,88000000005972
89000000005697,1,88000000003197
89000000005698,1,88000000005712
89000000005699,1,88000000005844
89000000005700,1,88000000005652
89000000005701,1,88000000006285
89000000005702,1,88000000005867
89000000005703,1,88000000005583
89000000005704,1,88000000005678
89000000005705,1,88000000005686
89000000005706,1,88000000005901
89000000005707,1,88000000005889
89000000005708,1,88000000005878
89000000005709,2,"88000000006502,88000000019330"
89000000005710,1,88000000005662
89000000005711,1,88000000005598
89000000005712,1,88000000005508
89000000005713,1,88000000005873
89000000005714,1,88000000005689
89000000005715,1,88000000006042
89000000005716,1,88000000005884
89000000005717,1,88000000005813
89000000005718,1,88000000005737
89000000005719,1,88000000005761
89000000005720,1,88000000005831
89000000005721,1,88000000005819
89000000005722,1,88000000006511
89000000005723,1,88000000005677
89000000005724,1,88000000005751
89000000005725,1,88000000006141
89000000005726,1,88000000005240
89000000005727,1,88000000005811
89000000005728,1,88000000005538
89000000005729,1,88000000005697
89000000005730,1,88000000005704
89000000005731,1,88000000005750
89000000005732,1,88000000005896
89000000005733,1,88000000005836
89000000005734,1,88000000005797
89000000005735,1,88000000005799
89000000005736,1,88000000006383
89000000005737,1,88000000005500
89000000005738,1,88000000005830
89000000005740,1,88000000005605
89000000005741,1,88000000006018
89000000005742,1,88000000005795
89000000005743,1,88000000004963
89000000005744,1,88000000006062
89000000005745,1,88000000005688
89000000005746,1,88000000005881
89000000005748,1,88000000005824
89000000005749,1,88000000005559
89000000005750,1,88000000007891
89000000005751,1,88000000006156
89000000005752,1,88000000005715
89000000005753,1,88000000005760
89000000005755,1,88000000005596
89000000005756,1,88000000006661
89000000005757,1,88000000005736
89000000005758,1,88000000005645
89000000005759,1,88000000005927
89000000005760,1,88000000005816
89000000005761,1,88000000006371
89000000005762,1,88000000005805
89000000005763,1,88000000005864
89000000005764,1,88000000005825
89000000005765,1,88000000005843
89000000005766,1,88000000005078
89000000005767,1,88000000005622
89000000005768,1,88000000005726
89000000005769,1,88000000006308
89000000005770,1,88000000006131
89000000005771,1,88000000005716
89000000005772,1,88000000005749
89000000005774,1,88000000005620
89000000005776,1,88000000005879
89000000005777,1,88000000005718
89000000005778,1,88000000005970
89000000005779,1,88000000005921
89000000005780,1,88000000006182
89000000005781,1,88000000005938
89000000005782,1,88000000005834
89000000005784,1,88000000005930
89000000005785,1,88000000005695
89000000005786,1,88000000006004
89000000005787,1,88000000006093
89000000005788,1,88000000005929
89000000005789,1,88000000005900
89000000005790,1,88000000005755
89000000005791,1,88000000005856
89000000005792,1,88000000005876
89000000005793,1,88000000005826
89000000005794,1,88000000005648
89000000005795,1,88000000005727
89000000005796,1,88000000005940
89000000005797,1,88000000006128
89000000005798,1,88000000005937
89000000005799,1,88000000005885
89000000005800,1,88000000005535
89000000005802,1,88000000005785
89000000005803,1,88000000004657
89000000005805,1,88000000006000
89000000005807,1,88000000005780
89000000005808,1,88000000006026
89000000005809,1,88000000005839
89000000005811,1,88000000005802
89000000005813,1,88000000005625
89000000005814,1,88000000005522
89000000005815,1,88000000005947
89000000005816,1,88000000005982
89000000005817,1,88000000005782
89000000005818,1,88000000005743
89000000005819,1,88000000005883
89000000005820,1,88000000006024
89000000005821,1,88000000006072
89000000005822,1,88000000005837
89000000005823,1,88000000005894
89000000005824,1,88000000005366
89000000005825,1,88000000005971
89000000005826,1,88000000005787
89000000005827,1,88000000006014
89000000005828,2,"88000000007591,88000000014457"
89000000005829,1,88000000005801
89000000005830,1,88000000005968
89000000005831,1,88000000005692
89000000005832,1,88000000005773
89000000005833,1,88000000005890
89000000005834,1,88000000006047
89000000005835,1,88000000005793
89000000005836,1,88000000005687
89000000005837,1,88000000005827
89000000005838,1,88000000006010
89000000005839,1,88000000005902
89000000005840,1,88000000005840
89000000005841,1,88000000005860
89000000005842,1,88000000005663
89000000005843,1,88000000008212
89000000005844,1,88000000005838
89000000005845,1,88000000005821
89000000005846,1,88000000005961
89000000005847,1,88000000006067
89000000005848,1,88000000005984
89000000005849,1,88000000005722
89000000005850,1,88000000005804
89000000005851,1,88000000006002
89000000005852,1,88000000005882
89000000005853,1,88000000005892
89000000005854,1,88000000005986
89000000005855,1,88000000006168
89000000005856,1,88000000006068
89000000005857,1,88000000006001
89000000005858,1,88000000006096
89000000005859,1,88000000006046
89000000005860,1,88000000004256
89000000005862,1,88000000005944
89000000005863,1,88000000006171
89000000005864,1,88000000006048
89000000005866,1,88000000006073
89000000005867,1,88000000005803
89000000005868,1,88000000006159
89000000005869,1,88000000006056
89000000005870,1,88000000005954
89000000005871,1,88000000005592
89000000005872,1,88000000005848
89000000005873,1,88000000005967
89000000005874,1,88000000006263
89000000005875,1,88000000011035
89000000005876,1,88000000005857
89000000005877,1,88000000006151
89000000005878,1,88000000005519
89000000005879,1,88000000005533
89000000005880,1,88000000005690
89000000005881,1,88000000005935
89000000005882,1,88000000006243
89000000005883,2,"88000000005948,88000000017815"
89000000005885,1,88000000005786
89000000005886,1,88000000005547
89000000005887,1,88000000005829
89000000005888,1,88000000005943
89000000005889,1,88000000005741
89000000005891,1,88000000006193
89000000005893,1,88000000006504
89000000005894,1,88000000005916
89000000005895,1,88000000005275
89000000005897,1,88000000005765
89000000005898,1,88000000005461
89000000005899,1,88000000005872
89000000005900,1,88000000005123
89000000005901,1,88000000006103
89000000005902,1,88000000005880
89000000005904,1,88000000006621
89000000005905,1,88000000006407
89000000005906,1,88000000005936
89000000005907,1,88000000006006
89000000005908,1,88000000005756
89000000005909,1,88000000006049
89000000005910,1,88000000005926
89000000005911,1,88000000005714
89000000005912,1,88000000005833
89000000005913,1,88000000005870
89000000005914,1,88000000005911
89000000005915,1,88000000005915
89000000005916,1,88000000005157
89000000005917,1,88000000005810
89000000005918,1,88000000005918
89000000005919,1,88000000006162
89000000005920,1,88000000005904
89000000005921,1,88000000005832
89000000005922,1,88000000005853
89000000005924,1,88000000005637
89000000005925,1,88000000005717
89000000005926,1,88000000005709
89000000005927,1,88000000005956
89000000005928,1,88000000006035
89000000005929,1,88000000005794
89000000005930,1,88000000005960
89000000005931,1,88000000007618
89000000005932,1,88000000005931
89000000005933,1,88000000005815
89000000005934,1,88000000005946
89000000005936,1,88000000005977
89000000005937,1,88000000005729
89000000005938,1,88000000005919
89000000005939,1,88000000006029
89000000005940,1,88000000006039
89000000005941,1,88000000005444
89000000005942,1,88000000006471
89000000005943,2,"88000000005951,88000000013069"
89000000005944,1,88000000005224
89000000005945,1,88000000006097
89000000005947,1,88000000005491
89000000005948,1,88000000005903
89000000005949,1,88000000004797
89000000005951,1,88000000006051
89000000005952,1,88000000005955
89000000005953,1,88000000006065
89000000005954,1,88000000006147
89000000005955,1,88000000006387
89000000005957,1,88000000006146
89000000005958,1,88000000005788
89000000005959,1,88000000006130
89000000005960,1,88000000006034
89000000005961,1,88000000006027
89000000005962,1,88000000005850
89000000005963,1,88000000006189
89000000005964,1,88000000006091
89000000005965,1,88000000005591
89000000005966,1,88000000005945
89000000005967,1,88000000005987
89000000005968,1,88000000006327
89000000005970,1,88000000005861
89000000005971,1,88000000005965
89000000005972,1,88000000006365
89000000005973,1,88000000006221
89000000005974,1,88000000006439
89000000005975,1,88000000005842
89000000005976,1,88000000006079
89000000005978,1,88000000005198
89000000005979,1,88000000005976
89000000005980,1,88000000006032
89000000005981,1,88000000006402
89000000005982,1,88000000006319
89000000005983,1,88000000005913
89000000005984,1,88000000005957
89000000005985,1,88000000006098
89000000005986,1,88000000006209
89000000005987,1,88000000005653
89000000005989,1,88000000006031
89000000005990,1,88000000006172
89000000005991,1,88000000006412
89000000005992,1,88000000006075
89000000005993,1,88000000006054
89000000005994,1,88000000005865
89000000005995,1,88000000008077
89000000005996,1,88000000006028
89000000005997,1,88000000006853
89000000005998,1,88000000005991
89000000005999,1,88000000005952
89000000006000,1,88000000006023
89000000006001,1,88000000006246
89000000006002,1,88000000005981
89000000006003,1,88000000006064
89000000006004,1,88000000007132
89000000006005,1,88000000005966
89000000006006,1,88000000006204
89000000006007,1,88000000005105
89000000006008,1,88000000006394
89000000006009,1,88000000005997
89000000006010,1,88000000005643
89000000006011,1,88000000006489
89000000006012,1,88000000005812
89000000006014,1,88000000006559
89000000006015,1,88000000006392
89000000006016,1,88000000006036
89000000006018,1,88000000006160
89000000006019,1,88000000006115
89000000006020,1,88000000005888
89000000006021,1,88000000006202
89000000006023,1,88000000006044
89000000006024,1,88000000006580
89000000006027,1,88000000009164
89000000006028,1,88000000006222
89000000006029,1,88000000006053
89000000006030,1,88000000006007
89000000006031,1,88000000008729
89000000006032,1,88000000006740
89000000006034,1,88000000006302
89000000006035,1,88000000006284
89000000006036,1,88000000006148
89000000006037,1,88000000006050
89000000006038,1,88000000006681
89000000006039,1,88000000006095
89000000006040,1,88000000006652
89000000006041,1,88000000009204
89000000006042,1,88000000006231
89000000006043,1,88000000006066
89000000006044,1,88000000006078
89000000006045,1,88000000006152
89000000006046,1,88000000006181
89000000006047,1,88000000006379
89000000006048,1,88000000006043
89000000006049,1,88000000005631
89000000006050,1,88000000006015
89000000006051,1,88000000005908
89000000006053,1,88000000006601
89000000006054,1,88000000006082
89000000006055,1,88000000006170
89000000006056,1,88000000005868
89000000006057,1,88000000006033
89000000006058,1,88000000006089
89000000006059,1,88000000006783
89000000006060,1,88000000005923
89000000006061,1,88000000006203
89000000006062,1,88000000005698
89000000006063,1,88000000006352
89000000006065,1,88000000005942
89000000006066,1,88000000006094
89000000006067,1,88000000006114
89000000006068,1,88000000005135
89000000006069,2,"88000000006900,88000000019267"
89000000006070,1,88000000006262
89000000006071,1,88000000006188
89000000006072,1,88000000006185
89000000006073,1,88000000006150
89000000006074,1,88000000006021
89000000006075,1,88000000006260
89000000006076,1,88000000006013
89000000006077,1,88000000006518
89000000006078,1,88000000005989
89000000006079,1,88000000006225
89000000006080,1,88000000006406
89000000006081,1,88000000006019
89000000006082,1,88000000005818
89000000006083,1,88000000006135
89000000006084,1,88000000005912
89000000006085,1,88000000006224
89000000006086,1,88000000006242
89000000006089,1,88000000006070
89000000006090,1,88000000006207
89000000006091,1,88000000005156
89000000006092,1,88000000006144
89000000006093,1,88000000008280
89000000006094,1,88000000006700
89000000006095,2,"88000000006403,88000000017779"
89000000006096,1,88000000006138
89000000006097,1,88000000007833
89000000006098,2,"88000000004712,88000000008032"
89000000006099,1,88000000006038
89000000006100,1,88000000005846
89000000006101,1,88000000006111
89000000006102,1,88000000006100
89000000006103,1,88000000006142
89000000006104,1,88000000005542
89000000006105,1,88000000006060
89000000006106,1,88000000006113
89000000006107,1,88000000006153
89000000006109,1,88000000004642
89000000006110,1,88000000006312
89000000006111,1,88000000006348
89000000006112,1,88000000006061
89000000006113,1,88000000006765
89000000006114,1,88000000006361
89000000006115,1,88000000006470
89000000006116,1,88000000006157
89000000006117,1,88000000006487
89000000006118,1,88000000006154
89000000006119,1,88000000006278
89000000006120,1,88000000007811
89000000006121,1,88000000006432
89000000006123,1,88000000006177
89000000006124,1,88000000006187
89000000006125,1,88000000005554
89000000006126,1,88000000006265
89000000006127,1,88000000006136
89000000006128,1,88000000005380
89000000006129,1,88000000006194
89000000006130,1,88000000006481
89000000006132,1,88000000005871
89000000006134,1,88000000006528
89000000006135,1,88000000006086
89000000006136,1,88000000006052
89000000006137,1,88000000006040
89000000006138,1,88000000006099
89000000006139,1,88000000006069
89000000006140,1,88000000006273
89000000006141,1,88000000005869
89000000006142,1,88000000004629
89000000006143,1,88000000006200
89000000006144,1,88000000005859
89000000006145,1,88000000006216
89000000006146,1,88000000006074
89000000006147,1,88000000006180
89000000006149,1,88000000006239
89000000006150,1,88000000005209
89000000006151,1,88000000005762
89000000006152,1,88000000006341
89000000006153,1,88000000006133
89000000006154,1,88000000005928
89000000006155,1,88000000005974
89000000006156,1,88000000006301
89000000006157,1,88000000006774
89000000006158,1,88000000005604
89000000006159,1,88000000009231
89000000006161,1,88000000006173
89000000006162,1,88000000006436
89000000006163,1,88000000006503
89000000006164,1,88000000006256
89000000006165,1,88000000006540
89000000006166,1,88000000006127
89000000006167,1,88000000006282
89000000006168,1,88000000005551
89000000006169,1,88000000006420
89000000006170,1,88000000006220
89000000006171,1,88000000006244
89000000006172,1,88000000006380
89000000006173,1,88000000005772
89000000006174,1,88000000006494
89000000006177,1,88000000006270
89000000006178,1,88000000007351
89000000006179,1,88000000006045
89000000006180,1,88000000006553
89000000006181,1,88000000006245
89000000006182,1,88000000006230
89000000006183,1,88000000006122
89000000006184,1,88000000005979
89000000006185,1,88000000006055
89000000006186,1,88000000006368
89000000006187,1,88000000006208
89000000006189,1,88000000006101
89000000006190,1,88000000006458
89000000006191,1,88000000006250
89000000006193,1,88000000006276
89000000006194,1,88000000006310
89000000006195,1,88000000006446
89000000006196,1,88000000006287
89000000006197,1,88000000006143
89000000006198,1,88000000006090
89000000006199,1,88000000006158
89000000006200,1,88000000006195
89000000006201,1,88000000006419
89000000006202,1,88000000006449
89000000006203,1,88000000006106
89000000006204,1,88000000006234
89000000006206,1,88000000006296
89000000006207,1,88000000006369
89000000006208,1,88000000006140
89000000006209,1,88000000006279
89000000006210,1,88000000006198
89000000006211,1,88000000006178
89000000006212,1,88000000006125
89000000006213,1,88000000006248
89000000006214,1,88000000006117
89000000006215,1,88000000006388
89000000006216,1,88000000006304
89000000006217,1,88000000006174
89000000006218,1,88000000007300
89000000006220,1,88000000006459
89000000006221,1,88000000006411
89000000006222,1,88000000006057
89000000006223,1,88000000006297
89000000006224,1,88000000005599
89000000006225,1,88000000006139
89000000006226,1,88000000006417
89000000006227,1,88000000006240
89000000006228,1,88000000006357
89000000006229,1,88000000006546
89000000006230,1,88000000006832
89000000006231,1,88000000006104
89000000006232,1,88000000006422
89000000006233,1,88000000006223
89000000006234,1,88000000006071
89000000006235,1,88000000006405
89000000006236,1,88000000005328
89000000006237,1,88000000006324
89000000006238,1,88000000006346
89000000006239,1,88000000006549
89000000006240,1,88000000006727
89000000006241,1,88000000006257
89000000006242,1,88000000006794
89000000006243,1,88000000006191
89000000006244,1,88000000006323
89000000006245,1,88000000006442
89000000006246,1,88000000006431
89000000006247,1,88000000006384
89000000006248,1,88000000006175
89000000006250,1,88000000006846
89000000006251,1,88000000006316
89000000006252,1,88000000006126
89000000006253,1,88000000006120
89000000006254,1,88000000005703
89000000006255,1,88000000006253
89000000006256,1,88000000006076
89000000006257,1,88000000006298
89000000006258,1,88000000006506
89000000006259,1,88000000006161
89000000006260,1,88000000006342
89000000006261,1,88000000005345
89000000006264,1,88000000006306
89000000006265,1,88000000006092
89000000006266,1,88000000006345
89000000006267,1,88000000005874
89000000006268,1,88000000006367
89000000006269,1,88000000006473
89000000006270,1,88000000005664
89000000006271,1,88000000006416
89000000006272,2,"88000000006454,88000000018284"
89000000006273,1,88000000006434
89000000006275,1,88000000006737
89000000006276,1,88000000006395
89000000006277,1,88000000006415
89000000006278,1,88000000006266
89000000006279,1,88000000006030
89000000006280,1,88000000006235
89000000006281,1,88000000006251
89000000006282,1,88000000006451
89000000006283,1,88000000006259
89000000006284,1,88000000006391
89000000006285,1,88000000006300
89000000006286,1,88000000006293
89000000006287,1,88000000006427
89000000006288,1,88000000005999
89000000006289,1,88000000007500
89000000006291,1,88000000005443
89000000006292,1,88000000006274
89000000006293,1,88000000006756
89000000006294,1,88000000006233
89000000006295,1,88000000005866
89000000006296,1,88000000005973
89000000006297,1,88000000006112
89000000006298,1,88000000006205
89000000006299,1,88000000006595
89000000006300,1,88000000006819
89000000006301,1,88000000006335
89000000006302,1,88000000006275
89000000006303,1,88000000006554
89000000006304,1,88000000006421
89000000006305,2,"88000000007442,88000000014794"
89000000006306,1,88000000006206
89000000006307,1,88000000006362
89000000006308,1,88000000006022
89000000006309,1,88000000007571
89000000006310,1,88000000004957
89000000006311,1,88000000006381
89000000006312,1,88000000006512
89000000006313,1,88000000006779
89000000006314,1,88000000006215
89000000006315,1,88000000006354
89000000006317,1,88000000006397
89000000006318,1,88000000006267
89000000006319,1,88000000006268
89000000006320,1,88000000005877
89000000006321,1,88000000006443
89000000006322,1,88000000006288
89000000006323,1,88000000006785
89000000006324,1,88000000006351
89000000006325,1,88000000004497
89000000006326,1,88000000006211
89000000006328,1,88000000005800
89000000006329,1,88000000005807
89000000006330,1,88000000006880
89000000006331,1,88000000006658
89000000006332,1,88000000006315
89000000006333,1,88000000006475
89000000006334,1,88000000006376
89000000006335,1,88000000006728
89000000006336,1,88000000006344
89000000006339,1,88000000006237
89000000006340,1,88000000006457
89000000006341,1,88000000006313
89000000006342,1,88000000006476
89000000006343,1,88000000006081
89000000006345,1,88000000006311
89000000006346,1,88000000006164
89000000006347,1,88000000006633
89000000006348,1,88000000006340
89000000006349,1,88000000006328
89000000006350,1,88000000006349
89000000006351,1,88000000006563
89000000006352,1,88000000006261
89000000006353,1,88000000006331
89000000006354,1,88000000006333
89000000006355,1,88000000006329
89000000006356,1,88000000006137
89000000006357,1,88000000006409
89000000006358,1,88000000006702
89000000006359,1,88000000006551
89000000006360,1,88000000006433
89000000006361,1,88000000006722
89000000006362,1,88000000006542
89000000006363,1,88000000006134
89000000006365,1,88000000005433
89000000006366,1,88000000006337
89000000006367,1,88000000006692
89000000006368,1,88000000006424
89000000006369,2,"88000000006520,88000000017413"
89000000006370,1,88000000006396
89000000006371,1,88000000006659
89000000006372,1,88000000006286
89000000006373,1,88000000006874
89000000006374,1,88000000006299
89000000006375,1,88000000006118
89000000006376,1,88000000006359
89000000006377,1,88000000006238
89000000006378,1,88000000006456
89000000006379,1,88000000007036
89000000006380,1,88000000007071
89000000006381,1,88000000006229
89000000006382,1,88000000006314
89000000006384,1,88000000006281
89000000006385,1,88000000006241
89000000006387,1,88000000006430
89000000006388,1,88000000006484
89000000006389,1,88000000006486
89000000006390,1,88000000006525
89000000006391,1,88000000007039
89000000006392,1,88000000007020
89000000006393,1,88000000006179
89000000006394,1,88000000006334
89000000006395,1,88000000006398
89000000006396,1,88000000006477
89000000006397,1,88000000006704
89000000006398,1,88000000006429
89000000006399,1,88000000006453
89000000006400,1,88000000006824
89000000006401,1,88000000006322
89000000006402,1,88000000006669
89000000006403,1,88000000006363
89000000006404,1,88000000006283
89000000006405,2,"88000000006599,88000000016994"
89000000006406,1,88000000006641
89000000006408,1,88000000006372
89000000006409,1,88000000006584
89000000006410,1,88000000006350
89000000006411,1,88000000006594
89000000006412,1,88000000006463
89000000006413,1,88000000006339
89000000006414,1,88000000006373
89000000006415,1,88000000006232
89000000006416,1,88000000006637
89000000006417,1,88000000005083
89000000006418,1,88000000006479
89000000006419,1,88000000006393
89000000006420,1,88000000006418
89000000006421,1,88000000006385
89000000006422,1,88000000006751
89000000006424,1,88000000006325
89000000006425,1,88000000005996
89000000006426,1,88000000006400
89000000006427,1,88000000005958
89000000006428,1,88000000006560
89000000006429,1,88000000006423
89000000006430,1,88000000006399
89000000006431,1,88000000007617
89000000006433,1,88000000006776
89000000006434,1,88000000006462
89000000006435,1,88000000007746
89000000006436,1,88000000006527
89000000006437,1,88000000004917
89000000006438,1,88000000006382
89000000006439,1,88000000007316
89000000006440,1,88000000006552
89000000006441,1,88000000006482
89000000006443,1,88000000006752
89000000006444,1,88000000006338
89000000006445,1,88000000007107
89000000006447,1,88000000006735
89000000006448,1,88000000006336
89000000006449,1,88000000006465
89000000006450,1,88000000006466
89000000006451,1,88000000006480
89000000006453,1,88000000006452
89000000006454,1,88000000006214
89000000006455,1,88000000006085
89000000006456,1,88000000006978
89000000006458,1,88000000006107
89000000006459,1,88000000006827
89000000006460,1,88000000006183
89000000006461,1,88000000006455
89000000006463,1,88000000006676
89000000006464,1,88000000006614
89000000006465,1,88000000006271
89000000006466,1,88000000006464
89000000006467,1,88000000006610
89000000006468,1,88000000006974
89000000006469,1,88000000006811
89000000006470,1,88000000006544
89000000006471,1,88000000006408
89000000006472,1,88000000006317
89000000006473,1,88000000006410
89000000006474,1,88000000006863
89000000006475,1,88000000006648
89000000006476,1,88000000006793
89000000006477,1,88000000006320
89000000006478,1,88000000006588
89000000006479,1,88000000006630
89000000006480,1,88000000005705
89000000006481,1,88000000006366
89000000006482,1,88000000006616
89000000006483,1,88000000006627
89000000006484,1,88000000006116
89000000006485,1,88000000006513
89000000006486,1,88000000006707
89000000006487,1,88000000006377
89000000006488,1,88000000006724
89000000006489,1,88000000006570
89000000006490,1,88000000006556
89000000006491,1,88000000006730
89000000006492,1,88000000006447
89000000006493,1,88000000006867
89000000006494,1,88000000006575
89000000006495,2,"88000000006548,88000000013462"
89000000006496,1,88000000006472
89000000006497,1,88000000006656
89000000006498,1,88000000006607
89000000006500,1,88000000006754
89000000006502,1,88000000006009
89000000006503,1,88000000006121
89000000006505,1,88000000006585
89000000006506,1,88000000006576
89000000006507,1,88000000006294
89000000006508,1,88000000006508
89000000006510,1,88000000006358
89000000006511,1,88000000006918
89000000006512,1,88000000006663
89000000006513,1,88000000006332
89000000006514,1,88000000006526
89000000006515,1,88000000006514
89000000006516,1,88000000006561
89000000006517,1,88000000006364
89000000006519,1,88000000006450
89000000006520,1,88000000006739
89000000006521,1,88000000006186
89000000006522,1,88000000006545
89000000006523,1,88000000006583
89000000006525,1,88000000006500
89000000006526,1,88000000006277
89000000006527,1,88000000006321
89000000006528,1,88000000006701
89000000006529,1,88000000006249
89000000006531,1,88000000006693
89000000006532,1,88000000006497
89000000006533,1,88000000006815
89000000006534,1,88000000006530
89000000006535,1,88000000006445
89000000006537,1,88000000006305
89000000006538,1,88000000006914
89000000006539,1,88000000006102
89000000006540,1,88000000006579
89000000006541,1,88000000006510
89000000006542,1,88000000006635
89000000006543,1,88000000006356
89000000006544,1,88000000006533
89000000006545,1,88000000006920
89000000006547,1,88000000006438
89000000006548,1,88000000006647
89000000006549,1,88000000006636
89000000006550,1,88000000006578
89000000006551,1,88000000006596
89000000006552,1,88000000006831
89000000006553,1,88000000005019
89000000006554,1,88000000006574
89000000006555,1,88000000006806
89000000006556,1,88000000006750
89000000006557,1,88000000006889
89000000006558,1,88000000006631
89000000006559,1,88000000006755
89000000006560,1,88000000006897
89000000006561,1,88000000006625
89000000006562,1,88000000006711
89000000006563,1,88000000006522
89000000006564,1,88000000006590
89000000006565,1,88000000006498
89000000006566,1,88000000006809
89000000006568,1,88000000007075
89000000006569,1,88000000006895
89000000006571,1,88000000006759
89000000006572,1,88000000006428
89000000006573,1,88000000007513
89000000006575,1,88000000006386
89000000006576,1,88000000006937
89000000006577,1,88000000005925
89000000006578,1,88000000006375
89000000006579,1,88000000006690
89000000006580,1,88000000006597
89000000006581,1,88000000007261
89000000006582,1,88000000006906
89000000006583,1,88000000006893
89000000006584,1,88000000007006
89000000006585,1,88000000006517
89000000006586,1,88000000006444
89000000006587,1,88000000006686
89000000006588,1,88000000006573
89000000006589,1,88000000006804
89000000006590,1,88000000006683
89000000006591,1,88000000006671
89000000006592,1,88000000006353
89000000006593,1,88000000006710
89000000006594,1,88000000006670
89000000006595,1,88000000007901
89000000006596,1,88000000006572
89000000006597,1,88000000006564
89000000006598,1,88000000006493
89000000006599,1,88000000006858
89000000006601,1,88000000006720
89000000006602,1,88000000006649
89000000006603,1,88000000006660
89000000006604,1,88000000006440
89000000006605,1,88000000006611
89000000006606,1,88000000006605
89000000006607,1,88000000005701
89000000006608,1,88000000006684
89000000006609,1,88000000007122
89000000006610,1,88000000006691
89000000006612,1,88000000009119
89000000006613,1,88000000006657
89000000006614,1,88000000007564
89000000006615,1,88000000006732
89000000006616,1,88000000006689
89000000006617,1,88000000006699
89000000006618,1,88000000006227
89000000006619,1,88000000006602
89000000006620,1,88000000006425
89000000006621,1,88000000006829
89000000006622,1,88000000006591
89000000006623,1,88000000007221
89000000006624,1,88000000006680
89000000006625,1,88000000006757
89000000006626,1,88000000006896
89000000006627,1,88000000006519
89000000006628,1,88000000006679
89000000006629,1,88000000006389
89000000006630,1,88000000006461
89000000006631,1,88000000006859
89000000006633,1,88000000007005
89000000006634,1,88000000006682
89000000006635,1,88000000006821
89000000006636,1,88000000006330
89000000006637,1,88000000005680
89000000006638,1,88000000007178
89000000006639,1,88000000006718
89000000006640,1,88000000006567
89000000006641,1,88000000006303
89000000006642,1,88000000006547
89000000006643,1,88000000006638
89000000006644,1,88000000006654
89000000006645,1,88000000006485
89000000006647,1,88000000008725
89000000006648,1,88000000007690
89000000006649,1,88000000006772
89000000006650,1,88000000007147
89000000006651,1,88000000006435
89000000006652,1,88000000006773
89000000006653,1,88000000006761
89000000006654,1,88000000007057
89000000006655,1,88000000006741
89000000006656,1,88000000007641
89000000006657,1,88000000006927
89000000006658,1,88000000006940
89000000006659,1,88000000006729
89000000006660,1,88000000006662
89000000006661,1,88000000006295
89000000006662,1,88000000006426
89000000006663,1,88000000006360
89000000006664,1,88000000006577
89000000006666,1,88000000007521
89000000006667,1,88000000006534
89000000006669,1,88000000006888
89000000006670,1,88000000006748
89000000006671,1,88000000006835
89000000006672,1,88000000006653
89000000006673,1,88000000006713
89000000006674,1,88000000006639
89000000006675,1,88000000009819
89000000006676,1,88000000007108
89000000006677,1,88000000006947
89000000006678,1,88000000006537
89000000006679,1,88000000006873
89000000006680,1,88000000006217
89000000006681,1,88000000006593
89000000006682,1,88000000006646
89000000006683,1,88000000006694
89000000006684,1,88000000006919
89000000006685,1,88000000006507
89000000006686,1,88000000006736
89000000006687,1,88000000006587
89000000006688,1,88000000006059
89000000006689,1,88000000006598
89000000006690,1,88000000006632
89000000006692,1,88000000006612
89000000006693,1,88000000006791
89000000006694,1,88000000006655
89000000006695,1,88000000006291
89000000006696,1,88000000006876
89000000006697,1,88000000006725
89000000006698,1,88000000006708
89000000006699,1,88000000006929
89000000006700,1,88000000007127
89000000006701,1,88000000006844
89000000006702,1,88000000006667
89000000006703,1,88000000006620
89000000006704,1,88000000007193
89000000006705,1,88000000006496
89000000006706,1,88000000006964
89000000006707,1,88000000006499
89000000006708,1,88000000007204
89000000006709,1,88000000004773
89000000006711,1,88000000006764
89000000006712,1,88000000006706
89000000006713,1,88000000006615
89000000006714,1,88000000006698
89000000006715,1,88000000006269
89000000006717,1,88000000006003
89000000006718,1,88000000006651
89000000006719,1,88000000007026
89000000006721,1,88000000005917
89000000006722,1,88000000009095
89000000006723,1,88000000006063
89000000006724,1,88000000007113
89000000006726,1,88000000007080
89000000006727,1,88000000006805
89000000006728,1,88000000006777
89000000006729,1,88000000006769
89000000006731,1,88000000006847
89000000006732,1,88000000007013
89000000006733,1,88000000007150
89000000006734,1,88000000006582
89000000006735,1,88000000006650
89000000006736,1,88000000007484
89000000006737,1,88000000006803
89000000006738,1,88000000007303
89000000006739,1,88000000006623
89000000006740,1,88000000006948
89000000006742,1,88000000007950
89000000006743,1,88000000006581
89000000006744,1,88000000007073
89000000006745,1,88000000007022
89000000006746,1,88000000006926
89000000006747,1,88000000006784
89000000006748,1,88000000006768
89000000006749,1,88000000007003
89000000006750,1,88000000006818
89000000006751,1,88000000006902
89000000006752,1,88000000006165
89000000006753,1,88000000007144
89000000006754,1,88000000006474
89000000006755,1,88000000005706
89000000006756,1,88000000006600
89000000006757,1,88000000006788
89000000006758,1,88000000005233
89000000006759,1,88000000006822
89000000006761,1,88000000006749
89000000006762,1,88000000006808
89000000006763,1,88000000007061
89000000006765,1,88000000006717
89000000006766,1,88000000007338
89000000006768,1,88000000006898
89000000006769,1,88000000006586
89000000006770,1,88000000007199
89000000006771,1,88000000005905
89000000006772,1,88000000007509
89000000006773,1,88000000007090
89000000006774,1,88000000006742
89000000006775,1,88000000006738
89000000006776,1,88000000006767
89000000006777,1,88000000005694
89000000006778,1,88000000006946
89000000006779,1,88000000006823
89000000006780,1,88000000007239
89000000006781,1,88000000006719
89000000006782,1,88000000006665
89000000006783,1,88000000006726
89000000006784,1,88000000006985
89000000006785,1,88000000006608
89000000006786,1,88000000007007
89000000006787,1,88000000006916
89000000006789,1,88000000007101
89000000006790,1,88000000007089
89000000006792,1,88000000006746
89000000006793,1,88000000006812
89000000006794,1,88000000006843
89000000006795,1,88000000007167
89000000006796,1,88000000006932
89000000006797,1,88000000006854
89000000006798,1,88000000006565
89000000006799,1,88000000007129
89000000006800,1,88000000006716
89000000006801,1,88000000007054
89000000006802,1,88000000006807
89000000006803,1,88000000007332
89000000006804,1,88000000006994
89000000006805,1,88000000006882
89000000006807,1,88000000006733
89000000006808,1,88000000006995
89000000006809,1,88000000008016
89000000006810,1,88000000006390
89000000006811,1,88000000006868
89000000006812,1,88000000006951
89000000006814,1,88000000006879
89000000006815,1,88000000012769
89000000006816,1,88000000006938
89000000006817,1,88000000006848
89000000006818,1,88000000007027
89000000006819,1,88000000007151
89000000006820,1,88000000005994
89000000006821,1,88000000006814
89000000006822,1,88000000006903
89000000006824,1,88000000007217
89000000006825,1,88000000007284
89000000006826,1,88000000006792
89000000006828,1,88000000006924
89000000006830,1,88000000007009
89000000006832,1,88000000006437
89000000006833,1,88000000004928
89000000006834,1,88000000007143
89000000006836,1,88000000008348
89000000006837,1,88000000006197
89000000006838,1,88000000007060
89000000006839,1,88000000006210
89000000006840,1,88000000007181
89000000006841,1,88000000006795
89000000006842,1,88000000006909
89000000006843,1,88000000006763
89000000006844,1,88000000006826
89000000006845,1,88000000006626
89000000006846,1,88000000007169
89000000006847,1,88000000007135
89000000006848,1,88000000007975
89000000006850,1,88000000006864
89000000006851,1,88000000006834
89000000006852,1,88000000006885
89000000006853,1,88000000006953
89000000006854,1,88000000006678
89000000006855,1,88000000007168
89000000006856,1,88000000006673
89000000006857,1,88000000007447
89000000006858,1,88000000007021
89000000006859,1,88000000006531
89000000006860,1,88000000006836
89000000006861,1,88000000006770
89000000006862,1,88000000006255
89000000006863,1,88000000006488
89000000006864,1,88000000006786
89000000006865,1,88000000006915
89000000006866,1,88000000006709
89000000006868,1,88000000007109
89000000006869,1,88000000007008
89000000006870,1,88000000007047
89000000006871,1,88000000006971
89000000006872,1,88000000007053
89000000006873,1,88000000007310
89000000006874,1,88000000007102
89000000006875,1,88000000007201
89000000006876,1,88000000007179
89000000006877,1,88000000006797
89000000006878,1,88000000006840
89000000006880,1,88000000007094
89000000006881,1,88000000007082
89000000006882,1,88000000006908
89000000006883,1,88000000007880
89000000006884,1,88000000006992
89000000006885,1,88000000007416
89000000006886,1,88000000007224
89000000006887,1,88000000006609
89000000006888,1,88000000006213
89000000006889,1,88000000007023
89000000006891,1,88000000006952
89000000006892,1,88000000006869
89000000006893,1,88000000006628
89000000006894,1,88000000007052
89000000006895,1,88000000006931
89000000006896,1,88000000006155
89000000006897,1,88000000006934
89000000006898,1,88000000006877
89000000006900,1,88000000006789
89000000006901,1,88000000007862
89000000006902,1,88000000007429
89000000006904,1,88000000006723
89000000006905,1,88000000006944
89000000006906,1,88000000006939
89000000006907,1,88000000006505
89000000006908,1,88000000006799
89000000006909,1,88000000007158
89000000006910,1,88000000006318
89000000006911,1,88000000007152
89000000006912,1,88000000007483
89000000006913,1,88000000007245
89000000006914,1,88000000006861
89000000006915,1,88000000006685
89000000006916,1,88000000006643
89000000006917,1,88000000006760
89000000006918,1,88000000006851
89000000006920,1,88000000006782
89000000006921,1,88000000007018
89000000006922,1,88000000006959
89000000006923,1,88000000007632
89000000006924,1,88000000007502
89000000006925,1,88000000006813
89000000006926,1,88000000007084
89000000006927,1,88000000007242
89000000006929,1,88000000007041
89000000006930,1,88000000005104
89000000006931,1,88000000005748
89000000006932,1,88000000007068
89000000006933,1,88000000006731
89000000006935,1,88000000007205
89000000006936,1,88000000007398
89000000006937,1,88000000006921
89000000006938,1,88000000006842
89000000006939,1,88000000007309
89000000006940,1,88000000006925
89000000006941,1,88000000007828
89000000006942,1,88000000006923
89000000006943,1,88000000006922
89000000006944,1,88000000006904
89000000006945,1,88000000006866
89000000006946,1,88000000007044
89000000006947,1,88000000006969
89000000006948,1,88000000006860
89000000006949,1,88000000007024
89000000006950,1,88000000006841
89000000006951,1,88000000007180
89000000006952,1,88000000005969
89000000006953,1,88000000007227
89000000006954,1,88000000006991
89000000006955,1,88000000006996
89000000006957,1,88000000007333
89000000006958,1,88000000007675
89000000006959,1,88000000006933
89000000006960,1,88000000007038
89000000006961,1,88000000007210
89000000006962,1,88000000007117
89000000006963,1,88000000007097
89000000006964,1,88000000007184
89000000006966,1,88000000007098
89000000006967,1,88000000006942
89000000006970,1,88000000006966
89000000006971,1,88000000007115
89000000006972,1,88000000006252
89000000006973,1,88000000006828
89000000006974,1,88000000006990
89000000006975,1,88000000007197
89000000006976,1,88000000006983
89000000006977,1,88000000007914
89000000006978,1,88000000007004
89000000006980,1,88000000007568
89000000006981,1,88000000006917
89000000006982,1,88000000005524
89000000006985,1,88000000006954
89000000006986,1,88000000006963
89000000006987,1,88000000006881
89000000006988,1,88000000006550
89000000006989,1,88000000006538
89000000006990,1,88000000006930
89000000006991,1,88000000006899
89000000006992,1,88000000007092
89000000006993,1,88000000007048
89000000006994,1,88000000006870
89000000006995,1,88000000006849
89000000006997,1,88000000006766
89000000006998,1,88000000007238
89000000006999,1,88000000008166
89000000007000,1,88000000006901
89000000007001,1,88000000006957
89000000007002,1,88000000007016
89000000007003,1,88000000007012
89000000007004,1,88000000006910
89000000007006,1,88000000007119
89000000007007,1,88000000006058
89000000007008,1,88000000007703
89000000007009,1,88000000006862
89000000007011,1,88000000007055
89000000007012,1,88000000006634
89000000007013,1,88000000007031
89000000007014,1,88000000007014
89000000007015,1,88000000005849
89000000007016,1,88000000006850
89000000007017,1,88000000007432
89000000007018,1,88000000006865
89000000007019,1,88000000007093
89000000007021,1,88000000007174
89000000007022,1,88000000006986
89000000007024,1,88000000005983
89000000007025,1,88000000007164
89000000007026,1,88000000007077
89000000007028,1,88000000007111
89000000007029,1,88000000007059
89000000007030,1,88000000007001
89000000007031,1,88000000003749
89000000007032,1,88000000008281
89000000007033,1,88000000007666
89000000007035,1,88000000007170
89000000007036,1,88000000007062
89000000007037,1,88000000006762
89000000007038,1,88000000006979
89000000007039,1,88000000007029
89000000007040,1,88000000007096
89000000007041,1,88000000007058
89000000007042,1,88000000006987
89000000007044,1,88000000006907
89000000007045,1,88000000007194
89000000007048,1,88000000007112
89000000007049,1,88000000006798
89000000007051,1,88000000006509
89000000007053,1,88000000007232
89000000007054,1,88000000006037
89000000007055,1,88000000007400
89000000007056,1,88000000006839
89000000007058,1,88000000007552
89000000007059,1,88000000007388
89000000007060,1,88000000006993
89000000007061,1,88000000006132
89000000007062,1,88000000007213
89000000007063,1,88000000007206
89000000007064,1,88000000007046
89000000007065,1,88000000007573
89000000007067,1,88000000007139
89000000007068,1,88000000007128
89000000007069,1,88000000007160
89000000007070,1,88000000007225
89000000007071,1,88000000007074
89000000007072,1,88000000007091
89000000007073,1,88000000007148
89000000007074,1,88000000007538
89000000007075,1,88000000006816
89000000007076,1,88000000007088
89000000007077,1,88000000007067
89000000007078,1,88000000007191
89000000007079,1,88000000006129
89000000007080,1,88000000007103
89000000007081,1,88000000007034
89000000007082,1,88000000007252
89000000007083,1,88000000007145
89000000007084,1,88000000007657
89000000007086,1,88000000007265
89000000007087,1,88000000007498
89000000007089,1,88000000007304
89000000007090,1,88000000006998
89000000007091,1,88000000007136
89000000007092,1,88000000007418
89000000007093,1,88000000006975
89000000007094,1,88000000007365
89000000007095,1,88000000007271
89000000007096,1,88000000006913
89000000007097,1,88000000007326
89000000007098,1,88000000005657
89000000007100,1,88000000006892
89000000007102,1,88000000007030
89000000007103,1,88000000007105
89000000007104,1,88000000007154
89000000007105,1,88000000007742
89000000007106,1,88000000007063
89000000007107,1,88000000007526
89000000007108,1,88000000007099
89000000007109,1,88000000006950
89000000007110,1,88000000007083
89000000007111,1,88000000007691
89000000007112,1,88000000009446
89000000007113,1,88000000006201
89000000007114,1,88000000007321
89000000007115,1,88000000007081
89000000007116,1,88000000008530
89000000007117,1,88000000007214
89000000007118,1,88000000007155
89000000007119,1,88000000007215
89000000007120,2,"88000000006972,88000000015926"
89000000007121,1,88000000007241
89000000007122,1,88000000007264
89000000007123,1,88000000007273
89000000007124,1,88000000007258
89000000007125,1,88000000007051
89000000007126,1,88000000008557
89000000007127,1,88000000007489
89000000007128,1,88000000007440
89000000007129,1,88000000007198
89000000007130,1,88000000006491
89000000007131,1,88000000006523
89000000007132,1,88000000010108
89000000007134,1,88000000007086
89000000007135,1,88000000007454
89000000007136,1,88000000008728
89000000007137,1,88000000007902
89000000007138,1,88000000007243
89000000007139,1,88000000007348
89000000007140,1,88000000006109
89000000007142,1,88000000007269
89000000007143,1,88000000008862
89000000007144,1,88000000007266
89000000007145,1,88000000007357
89000000007146,1,88000000007282
89000000007147,1,88000000007234
89000000007148,1,88000000007229
89000000007149,1,88000000007593
89000000007150,1,88000000007043
89000000007151,1,88000000007523
89000000007152,1,88000000007413
89000000007153,1,88000000006817
89000000007154,1,88000000007176
89000000007155,1,88000000007015
89000000007156,1,88000000006905
89000000007157,1,88000000007189
89000000007158,1,88000000007774
89000000007159,1,88000000008318
89000000007160,1,88000000007367
89000000007161,1,88000000007376
89000000007162,1,88000000008306
89000000007163,1,88000000007085
89000000007164,1,88000000007137
89000000007165,1,88000000007196
89000000007166,1,88000000007278
89000000007169,1,88000000007153
89000000007170,1,88000000007247
89000000007171,1,88000000006855
89000000007172,1,88000000007017
89000000007173,1,88000000007770
89000000007174,1,88000000007118
89000000007175,1,88000000006837
89000000007176,1,88000000007116
89000000007177,1,88000000007511
89000000007179,1,88000000007377
89000000007180,1,88000000007209
89000000007181,1,88000000007462
89000000007183,1,88000000008357
89000000007184,1,88000000007272
89000000007185,1,88000000007187
89000000007186,1,88000000007100
89000000007189,1,88000000007417
89000000007190,1,88000000007032
89000000007191,1,88000000008002
89000000007192,1,88000000007076
89000000007193,1,88000000007370
89000000007194,1,88000000007236
89000000007195,1,88000000007356
89000000007196,2,"88000000011637,88000000014850"
89000000007199,1,88000000007443
89000000007200,1,88000000007974
89000000007201,1,88000000007381
89000000007202,1,88000000008661
89000000007205,1,88000000007287
89000000007206,1,88000000007223
89000000007207,1,88000000007277
89000000007208,1,88000000007104
89000000007209,1,88000000007682
89000000007210,1,88000000007399
89000000007211,1,88000000007173
89000000007212,1,88000000007212
89000000007215,1,88000000007140
89000000007216,1,88000000008824
89000000007217,1,88000000007656
89000000007218,1,88000000007404
89000000007219,1,88000000007864
89000000007220,1,88000000007079
89000000007222,1,88000000007410
89000000007223,1,88000000007190
89000000007225,1,88000000007166
89000000007227,2,"88000000007171,88000000021157"
89000000007228,1,88000000007395
89000000007229,1,88000000007183
89000000007230,1,88000000007222
89000000007231,1,88000000007291
89000000007232,1,88000000007156
89000000007234,1,88000000007237
89000000007235,1,88000000006883
89000000007236,1,88000000007033
89000000007237,1,88000000007208
89000000007238,1,88000000007315
89000000007239,1,88000000007519
89000000007241,1,88000000007175
89000000007242,1,88000000007411
89000000007243,1,88000000007541
89000000007244,1,88000000007270
89000000007245,1,88000000007544
89000000007246,1,88000000006875
89000000007247,1,88000000007295
89000000007249,1,88000000006891
89000000007251,1,88000000007301
89000000007252,2,"88000000007606,88000000018099"
89000000007254,1,88000000007464
89000000007255,1,88000000007352
89000000007256,1,88000000007317
89000000007258,1,88000000007723
89000000007259,1,88000000007035
89000000007260,1,88000000007560
89000000007261,1,88000000007735
89000000007262,1,88000000007953
89000000007263,1,88000000007375
89000000007264,1,88000000007064
89000000007266,1,88000000007463
89000000007267,1,88000000007249
89000000007268,1,88000000007387
89000000007269,1,88000000007231
89000000007270,1,88000000007294
89000000007271,1,88000000007883
89000000007272,1,88000000003736
89000000007273,1,88000000007433
89000000007274,1,88000000007407
89000000007275,1,88000000007110
89000000007276,1,88000000007280
89000000007279,2,"88000000007918,88000000021016"
89000000007280,1,88000000006441
89000000007281,1,88000000007512
89000000007282,1,88000000008412
89000000007285,1,88000000007330
89000000007286,1,88000000007350
89000000007287,1,88000000007397
89000000007288,1,88000000007749
89000000007289,1,88000000006787
89000000007290,1,88000000007535
89000000007291,1,88000000007000
89000000007294,1,88000000007165
89000000007295,1,88000000006745
89000000007296,1,88000000007360
89000000007297,1,88000000007393
89000000007298,1,88000000007281
89000000007299,1,88000000007069
89000000007300,1,88000000007328
89000000007301,1,88000000007708
89000000007302,1,88000000007246
89000000007303,1,88000000007570
89000000007306,1,88000000007590
89000000007307,1,88000000007230
89000000007308,1,88000000007254
89000000007309,1,88000000007871
89000000007310,1,88000000007431
89000000007311,1,88000000006968
89000000007312,1,88000000007267
89000000007313,1,88000000007465
89000000007314,1,88000000007667
89000000007316,1,88000000007542
89000000007317,1,88000000007384
89000000007318,1,88000000007422
89000000007319,1,88000000007390
89000000007320,1,88000000007311
89000000007321,1,88000000007372
89000000007322,1,88000000007341
89000000007323,1,88000000007299
89000000007324,1,88000000007314
89000000007325,1,88000000007373
89000000007326,1,88000000007256
89000000007327,1,88000000007508
89000000007328,1,88000000007331
89000000007329,1,88000000007539
89000000007330,1,88000000007887
89000000007332,1,88000000007233
89000000007333,1,88000000006965
89000000007334,1,88000000007185
89000000007335,1,88000000007257
89000000007336,1,88000000007383
89000000007337,1,88000000007359
89000000007338,1,88000000008022
89000000007339,1,88000000007386
89000000007340,1,88000000007428
89000000007341,1,88000000008458
89000000007342,1,88000000007551
89000000007343,1,88000000007250
89000000007344,1,88000000007527
89000000007347,1,88000000007211
89000000007348,1,88000000007866
89000000007349,1,88000000007216
89000000007350,1,88000000007362
89000000007351,1,88000000010207
89000000007352,1,88000000007182
89000000007354,1,88000000007434
89000000007356,1,88000000007566
89000000007357,1,88000000007339
89000000007358,1,88000000007286
89000000007359,1,88000000007409
89000000007360,1,88000000008742
89000000007361,1,88000000007444
89000000007362,1,88000000007456
89000000007363,1,88000000007163
89000000007364,1,88000000007253
89000000007365,1,88000000007503
89000000007366,1,88000000007748
89000000007367,1,88000000007203
89000000007368,1,88000000007479
89000000007369,1,88000000006958
89000000007370,1,88000000007226
89000000007371,1,88000000007802
89000000007373,1,88000000007842
89000000007374,1,88000000007355
89000000007375,1,88000000006642
89000000007376,1,88000000007445
89000000007378,1,88000000007379
89000000007379,1,88000000007402
89000000007381,1,88000000007549
89000000007383,1,88000000006108
89000000007384,1,88000000007493
89000000007385,1,88000000007557
89000000007386,1,88000000007556
89000000007387,1,88000000007288
89000000007388,1,88000000007510
89000000007389,1,88000000009337
89000000007390,1,88000000007584
89000000007391,1,88000000007050
89000000007392,1,88000000007855
89000000007393,1,88000000007453
89000000007394,1,88000000007095
89000000007395,1,88000000007470
89000000007396,1,88000000007836
89000000007397,1,88000000007561
89000000007398,1,88000000006988
89000000007399,1,88000000007563
89000000007400,1,88000000007279
89000000007401,1,88000000007364
89000000007402,1,88000000007435
89000000007403,1,88000000007532
89000000007405,1,88000000007692
89000000007406,1,88000000007587
89000000007408,1,88000000007451
89000000007410,1,88000000007283
89000000007412,1,88000000007635
89000000007413,1,88000000007371
89000000007414,1,88000000007516
89000000007415,1,88000000007517
89000000007416,1,88000000007574
89000000007417,1,88000000007382
89000000007419,1,88000000007642
89000000007420,1,88000000007478
89000000007421,1,88000000007650
89000000007423,1,88000000007486
89000000007427,1,88000000007324
89000000007429,1,88000000007336
89000000007430,1,88000000007701
89000000007431,1,88000000007648
89000000007432,1,88000000007716
89000000007433,1,88000000007358
89000000007434,1,88000000007795
89000000007435,1,88000000007045
89000000007436,1,88000000007255
89000000007437,1,88000000007625
89000000007438,1,88000000007263
89000000007439,1,88000000009590
89000000007440,1,88000000007475
89000000007441,1,88000000006226
89000000007442,1,88000000007728
89000000007443,1,88000000007815
89000000007444,1,88000000007520
89000000007446,1,88000000007228
89000000007447,1,88000000008203
89000000007448,1,88000000007290
89000000007449,1,88000000007276
89000000007450,1,88000000007468
89000000007451,1,88000000006566
89000000007452,1,88000000007698
89000000007453,1,88000000007786
89000000007454,1,88000000007335
89000000007455,1,88000000007293
89000000007456,1,88000000007342
89000000007457,1,88000000007455
89000000007458,1,88000000007599
89000000007459,1,88000000007583
89000000007461,1,88000000008583
89000000007462,1,88000000007458
89000000007463,1,88000000007296
89000000007464,1,88000000007585
89000000007465,1,88000000007857
89000000007466,1,88000000007655
89000000007467,1,88000000007768
89000000007468,1,88000000007420
89000000007469,1,88000000007471
89000000007470,1,88000000007424
89000000007472,1,88000000007492
89000000007474,1,88000000006272
89000000007475,1,88000000007159
89000000007476,1,88000000007133
89000000007477,1,88000000007699
89000000007478,1,88000000007318
89000000007479,1,88000000007659
89000000007480,1,88000000006666
89000000007481,1,88000000009121
89000000007482,1,88000000007412
89000000007483,1,88000000009517
89000000007484,1,88000000007482
89000000007485,1,88000000007450
89000000007487,1,88000000008020
89000000007488,1,88000000008757
89000000007489,1,88000000007244
89000000007491,1,88000000007896
89000000007492,1,88000000007385
89000000007494,1,88000000007415
89000000007495,1,88000000007369
89000000007496,1,88000000007251
89000000007497,1,88000000008804
89000000007498,1,88000000007531
89000000007499,1,88000000007340
89000000007500,1,88000000007709
89000000007501,1,88000000007467
89000000007503,1,88000000007056
89000000007505,1,88000000008684
89000000007506,1,88000000007970
89000000007508,1,88000000007788
89000000007510,1,88000000007533
89000000007511,1,88000000007597
89000000007512,1,88000000007414
89000000007513,1,88000000007600
89000000007514,1,88000000006025
89000000007515,1,88000000007581
89000000007516,1,88000000007558
89000000007517,1,88000000007506
89000000007518,1,88000000007565
89000000007519,1,88000000007732
89000000007520,1,88000000007678
89000000007522,1,88000000007601
89000000007523,1,88000000007988
89000000007524,1,88000000007577
89000000007525,1,88000000007220
89000000007527,1,88000000007037
89000000007528,1,88000000007579
89000000007529,1,88000000007260
89000000007530,1,88000000007537
89000000007531,1,88000000007553
89000000007533,1,88000000007734
89000000007534,1,88000000007622
89000000007535,1,88000000007763
89000000007536,1,88000000008400
89000000007537,1,88000000007334
89000000007540,1,88000000007640
89000000007541,1,88000000007123
89000000007542,1,88000000007555
89000000007543,1,88000000007396
89000000007544,1,88000000007933
89000000007545,1,88000000007473
89000000007546,1,88000000007457
89000000007547,1,88000000007739
89000000007548,1,88000000007627
89000000007549,1,88000000007529
89000000007551,1,88000000008219
89000000007552,1,88000000008272
89000000007553,1,88000000007928
89000000007554,1,88000000007620
89000000007555,1,88000000006955
89000000007557,1,88000000006800
89000000007558,1,88000000008324
89000000007559,1,88000000007499
89000000007561,1,88000000007534
89000000007562,1,88000000006589
89000000007563,1,88000000007536
89000000007564,1,88000000007522
89000000007566,1,88000000007777
89000000007567,1,88000000007939
89000000007568,1,88000000007754
89000000007569,1,88000000007603
89000000007571,1,88000000007515
89000000007572,1,88000000007459
89000000007573,1,88000000007363
89000000007575,1,88000000007941
89000000007577,1,88000000006529
89000000007578,1,88000000007713
89000000007579,1,88000000007781
89000000007580,1,88000000007611
89000000007581,1,88000000006941
89000000007582,1,88000000007346
89000000007583,1,88000000007616
89000000007584,1,88000000007674
89000000007585,1,88000000007793
89000000007586,1,88000000007736
89000000007587,1,88000000006845
89000000007589,1,88000000008855
89000000007591,1,88000000008066
89000000007593,1,88000000007721
89000000007594,1,88000000007460
89000000007595,1,88000000007799
89000000007596,1,88000000007275
89000000007597,1,88000000007758
89000000007598,1,88000000007559
89000000007599,1,88000000007643
89000000007600,1,88000000007823
89000000007601,1,88000000007452
89000000007602,1,88000000007717
89000000007603,1,88000000007496
89000000007604,1,88000000008831
89000000007605,1,88000000007604
89000000007607,1,88000000008031
89000000007608,1,88000000008432
89000000007609,1,88000000007421
89000000007610,1,88000000007849
89000000007611,1,88000000007124
89000000007612,1,88000000011304
89000000007613,1,88000000007485
89000000007614,1,88000000007839
89000000007616,1,88000000007524
89000000007617,1,88000000007771
89000000007618,1,88000000007134
89000000007619,1,88000000007686
89000000007620,1,88000000008222
89000000007622,1,88000000007633
89000000007623,1,88000000007289
89000000007625,1,88000000007504
89000000007626,1,88000000007120
89000000007628,1,88000000006672
89000000007629,1,88000000007662
89000000007631,1,88000000007576
89000000007632,1,88000000007645
89000000007633,1,88000000007994
89000000007634,1,88000000007481
89000000007635,1,88000000007940
89000000007636,1,88000000007710
89000000007637,1,88000000007497
89000000007638,1,88000000007730
89000000007639,1,88000000008021
89000000007640,1,88000000008265
89000000007641,1,88000000007898
89000000007642,1,88000000009719
89000000007643,1,88000000007419
89000000007644,1,88000000007615
89000000007645,1,88000000007845
89000000007646,1,88000000007501
89000000007647,1,88000000007636
89000000007648,1,88000000008067
89000000007649,1,88000000006790
89000000007650,1,88000000007843
89000000007651,1,88000000007978
89000000007652,1,88000000007794
89000000007653,1,88000000007437
89000000007654,1,88000000007408
89000000007655,1,88000000008482
89000000007656,1,88000000008017
89000000007657,1,88000000007816
89000000007658,1,88000000007337
89000000007659,1,88000000007790
89000000007660,1,88000000006355
89000000007661,1,88000000008149
89000000007663,1,88000000007436
89000000007664,1,88000000007669
89000000007665,1,88000000007268
89000000007666,1,88000000007893
89000000007667,1,88000000007963
89000000007668,1,88000000007719
89000000007669,1,88000000007722
89000000007672,1,88000000007696
89000000007673,1,88000000007592
89000000007674,1,88000000007927
89000000007675,1,88000000007924
89000000007676,1,88000000008071
89000000007677,1,88000000007957
89000000007678,1,88000000007776
89000000007679,1,88000000007919
89000000007681,1,88000000007298
89000000007682,1,88000000007751
89000000007683,1,88000000007427
89000000007684,1,88000000007680
89000000007685,1,88000000007765
89000000007686,1,88000000007644
89000000007687,1,88000000007649
89000000007688,1,88000000007313
89000000007689,1,88000000007366
89000000007690,1,88000000007832
89000000007691,1,88000000007792
89000000007692,1,88000000007670
89000000007693,1,88000000007946
89000000007694,1,88000000007297
89000000007695,1,88000000007378
89000000007696,1,88000000007605
89000000007697,1,88000000007638
89000000007698,1,88000000007878
89000000007699,1,88000000007528
89000000007700,1,88000000008125
89000000007701,1,88000000007320
89000000007702,1,88000000008593
89000000007703,1,88000000007989
89000000007704,1,88000000007745
89000000007705,1,88000000007760
89000000007706,1,88000000007495
89000000007707,1,88000000007741
89000000007708,1,88000000007596
89000000007710,1,88000000007546
89000000007711,1,88000000007668
89000000007712,1,88000000007374
89000000007713,1,88000000008102
89000000007714,1,88000000008058
89000000007715,1,88000000007724
89000000007716,1,88000000008097
89000000007718,1,88000000006495
89000000007719,1,88000000007582
89000000007720,1,88000000008122
89000000007721,1,88000000008844
89000000007722,1,88000000008476
89000000007723,1,88000000007494
89000000007725,1,88000000007595
89000000007726,1,88000000007461
89000000007727,1,88000000007586
89000000007728,1,88000000007677
89000000007729,1,88000000007610
89000000007730,1,88000000007540
89000000007731,1,88000000007929
89000000007732,1,88000000008285
89000000007733,1,88000000007861
89000000007734,1,88000000008314
89000000007735,1,88000000007850
89000000007736,1,88000000007986
89000000007737,1,88000000007652
89000000007738,1,88000000008103
89000000007739,1,88000000007660
89000000007740,1,88000000007812
89000000007741,1,88000000007706
89000000007742,1,88000000007916
89000000007745,1,88000000007594
89000000007746,1,88000000007787
89000000007747,1,88000000007764
89000000007748,1,88000000008503
89000000007749,1,88000000007884
89000000007750,1,88000000007439
89000000007751,1,88000000007895
89000000007752,1,88000000007971
89000000007753,1,88000000007403
89000000007754,1,88000000008226
89000000007755,1,88000000008054
89000000007756,1,88000000008039
89000000007757,1,88000000007019
89000000007759,1,88000000007240
89000000007760,1,88000000007608
89000000007761,1,88000000007681
89000000007762,1,88000000008057
89000000007763,1,88000000007892
89000000007764,1,88000000008006
89000000007765,1,88000000007684
89000000007766,1,88000000007821
89000000007767,1,88000000008245
89000000007768,1,88000000007448
89000000007769,1,88000000007817
89000000007770,1,88000000007881
89000000007771,1,88000000007756
89000000007772,1,88000000007612
89000000007773,1,88000000007725
89000000007774,1,88000000007852
89000000007776,1,88000000007726
89000000007777,1,88000000008562
89000000007778,1,88000000008776
89000000007779,1,88000000007831
89000000007780,1,88000000004682
89000000007782,1,88000000008954
89000000007783,1,88000000008151
89000000007786,1,88000000007780
89000000007787,1,88000000008703
89000000007788,1,88000000008268
89000000007789,1,88000000007990
89000000007790,1,88000000007626
89000000007791,1,88000000007752
89000000007792,1,88000000008565
89000000007794,1,88000000008086
89000000007795,1,88000000008244
89000000007796,1,88000000007664
89000000007797,1,88000000007490
89000000007798,1,88000000007798
89000000007799,1,88000000008713
89000000007800,1,88000000007631
89000000007801,1,88000000007637
89000000007802,1,88000000007936
89000000007803,1,88000000008643
89000000007804,1,88000000008261
89000000007805,1,88000000009984
89000000007806,1,88000000007856
89000000007807,1,88000000007859
89000000007808,1,88000000008100
89000000007809,1,88000000008009
89000000007810,1,88000000007783
89000000007814,1,88000000007876
89000000007815,1,88000000008208
89000000007817,1,88000000007694
89000000007818,1,88000000007307
89000000007819,1,88000000008092
89000000007821,1,88000000007834
89000000007822,1,88000000007894
89000000007823,1,88000000007757
89000000007824,1,88000000007825
89000000007825,1,88000000007875
89000000007826,1,88000000007912
89000000007827,1,88000000008070
89000000007828,1,88000000007889
89000000007829,1,88000000008340
89000000007830,1,88000000008007
89000000007831,1,88000000007671
89000000007832,1,88000000008279
89000000007833,1,88000000007838
89000000007834,1,88000000007844
89000000007835,1,88000000008582
89000000007836,1,88000000008033
89000000007837,1,88000000007567
89000000007838,1,88000000010653
89000000007840,1,88000000009019
89000000007841,1,88000000007488
89000000007842,1,88000000007720
89000000007843,1,88000000007589
89000000007844,1,88000000007598
89000000007845,1,88000000007700
89000000007846,1,88000000007926
89000000007847,1,88000000008358
89000000007848,1,88000000007999
89000000007849,1,88000000007319
89000000007850,1,88000000008455
89000000007851,1,88000000007932
89000000007852,1,88000000007646
89000000007853,1,88000000007149
89000000007854,1,88000000007578
89000000007855,1,88000000007910
89000000007856,1,88000000008304
89000000007857,1,88000000008040
89000000007859,1,88000000007956
89000000007860,1,88000000007796
89000000007862,1,88000000007921
89000000007863,1,88000000007718
89000000007864,1,88000000007733
89000000007865,1,88000000007930
89000000007866,1,88000000008143
89000000007867,1,88000000008241
89000000007868,1,88000000007707
89000000007869,1,88000000008074
89000000007870,1,88000000008714
89000000007871,1,88000000008038
89000000007872,1,88000000007714
89000000007873,1,88000000007991
89000000007874,1,88000000008028
89000000007875,1,88000000007915
89000000007876,1,88000000008014
89000000007877,1,88000000007954
89000000007879,1,88000000007900
89000000007880,1,88000000007672
89000000007882,1,88000000008052
89000000007883,1,88000000007426
89000000007884,1,88000000007518
89000000007886,1,88000000007867
89000000007887,1,88000000008035
89000000007888,1,88000000008515
89000000007890,1,88000000008391
89000000007891,1,88000000007961
89000000007892,2,"88000000009456,88000000003602"
89000000007893,1,88000000008094
89000000007895,1,88000000007809
89000000007896,1,88000000007944
89000000007897,1,88000000007911
89000000007898,1,88000000007695
89000000007899,1,88000000007814
89000000007900,1,88000000008184
89000000007901,1,88000000007449
89000000007902,1,88000000008116
89000000007903,1,88000000008202
89000000007904,1,88000000008000
89000000007905,1,88000000008073
89000000007906,1,88000000008254
89000000007907,1,88000000007984
89000000007908,1,88000000007952
89000000007909,1,88000000007964
89000000007910,1,88000000008415
89000000007911,1,88000000007897
89000000007912,1,88000000007808
89000000007913,1,88000000007162
89000000007914,1,88000000008108
89000000007915,1,88000000007070
89000000007916,1,88000000008056
89000000007917,1,88000000008135
89000000007918,1,88000000008115
89000000007920,1,88000000008940
89000000007921,1,88000000008255
89000000007922,1,88000000008107
89000000007924,1,88000000007885
89000000007925,1,88000000007614
89000000007927,1,88000000006771
89000000007930,1,88000000008223
89000000007933,1,88000000008023
89000000007934,1,88000000009014
89000000007935,1,88000000008252
89000000007937,1,88000000007762
89000000007938,1,88000000008089
89000000007939,1,88000000006644
89000000007940,1,88000000007658
89000000007941,1,88000000008605
89000000007943,1,88000000008081
89000000007945,1,88000000008433
89000000007946,1,88000000007925
89000000007947,1,88000000007969
89000000007948,1,88000000008430
89000000007950,1,88000000008110
89000000007952,1,88000000007476
89000000007954,1,88000000008513
89000000007955,1,88000000008542
89000000007956,1,88000000008012
89000000007957,1,88000000007909
89000000007958,1,88000000007995
89000000007959,1,88000000009786
89000000007960,1,88000000006199
89000000007961,1,88000000008448
89000000007962,1,88000000007922
89000000007963,1,88000000008490
89000000007965,1,88000000008049
89000000007966,1,88000000008500
89000000007967,1,88000000009025
89000000007968,1,88000000007729
89000000007969,1,88000000008381
89000000007971,1,88000000007938
89000000007972,1,88000000008256
89000000007973,1,88000000008080
89000000007975,1,88000000007569
89000000007976,1,88000000008069
89000000007977,1,88000000008127
89000000007978,1,88000000008622
89000000007979,1,88000000008187
89000000007980,1,88000000007863
89000000007981,1,88000000007835
89000000007982,1,88000000008681
89000000007983,1,88000000008139
89000000007984,1,88000000007890
89000000007985,1,88000000007985
89000000007986,1,88000000008243
89000000007987,1,88000000008499
89000000007989,1,88000000008043
89000000007990,1,88000000008419
89000000007991,1,88000000007931
89000000007992,1,88000000007949
89000000007993,1,88000000007562
89000000007995,1,88000000008308
89000000007996,1,88000000008010
89000000007997,1,88000000007219
89000000007998,1,88000000007772
89000000007999,1,88000000006618
89000000008000,1,88000000008215
89000000008001,1,88000000007987
89000000008002,1,88000000008131
89000000008003,1,88000000007679
89000000008004,1,88000000008250
89000000008007,1,88000000008164
89000000008008,1,88000000008641
89000000008009,1,88000000008242
89000000008010,1,88000000008355
89000000008011,1,88000000008076
89000000008012,1,88000000008283
89000000008013,1,88000000007976
89000000008014,1,88000000008417
89000000008015,1,88000000007820
89000000008016,1,88000000008030
89000000008018,1,88000000007750
89000000008019,1,88000000008003
89000000008020,1,88000000008001
89000000008021,1,88000000008133
89000000008022,1,88000000008347
89000000008023,1,88000000008165
89000000008024,1,88000000008248
89000000008025,1,88000000007943
89000000008026,1,88000000008360
89000000008027,1,88000000008632
89000000008028,1,88000000008210
89000000008029,1,88000000007803
89000000008030,1,88000000008707
89000000008031,1,88000000008556
89000000008032,1,88000000008026
89000000008033,1,88000000008553
89000000008034,1,88000000008638
89000000008035,1,88000000008172
89000000008036,1,88000000007958
89000000008037,1,88000000008117
89000000008038,1,88000000008176
89000000008039,1,88000000007996
89000000008040,1,88000000008548
89000000008041,1,88000000007819
89000000008042,1,88000000008068
89000000008045,1,88000000008257
89000000008046,1,88000000007942
89000000008047,1,88000000007992
89000000008048,1,88000000008263
89000000008051,1,88000000007882
89000000008052,1,88000000007847
89000000008053,1,88000000008062
89000000008054,1,88000000008200
89000000008055,1,88000000007469
89000000008056,1,88000000008104
89000000008057,1,88000000008297
89000000008058,1,88000000008124
89000000008060,1,88000000007693
89000000008061,1,88000000008138
89000000008062,1,88000000007865
89000000008064,1,88000000008082
89000000008066,1,88000000008225
89000000008067,1,88000000008218
89000000008068,1,88000000007886
89000000008070,1,88000000008344
89000000008071,1,88000000008286
89000000008072,1,88000000008093
89000000008073,1,88000000008484
89000000008074,1,88000000008396
89000000008076,1,88000000008155
89000000008077,1,88000000008359
89000000008078,1,88000000008295
89000000008079,1,88000000007715
89000000008080,1,88000000008055
89000000008081,1,88000000008013
89000000008082,1,88000000007955
89000000008083,1,88000000007218
89000000008084,1,88000000008623
89000000008085,1,88000000008065
89000000008086,1,88000000007446
89000000008087,1,88000000008253
89000000008088,1,88000000007550
89000000008089,1,88000000007766
89000000008090,1,88000000008072
89000000008092,1,88000000008342
89000000008093,1,88000000008275
89000000008094,1,88000000008315
89000000008095,1,88000000008096
89000000008096,1,88000000008063
89000000008097,1,88000000007702
89000000008098,1,88000000008383
89000000008099,1,88000000008221
89000000008101,1,88000000008163
89000000008102,1,88000000009072
89000000008103,1,88000000008550
89000000008104,1,88000000009707
89000000008105,1,88000000007305
89000000008106,1,88000000007354
89000000008107,1,88000000008171
89000000008108,1,88000000008213
89000000008109,1,88000000008246
89000000008111,1,88000000008206
89000000008113,1,88000000008394
89000000008114,1,88000000008168
89000000008115,1,88000000008090
89000000008116,1,88000000008267
89000000008117,1,88000000008543
89000000008118,1,88000000008519
89000000008121,1,88000000008211
89000000008122,1,88000000006960
89000000008123,1,88000000008331
89000000008124,1,88000000010199
89000000008125,1,88000000008232
89000000008126,1,88000000006838
89000000008127,1,88000000007907
89000000008128,1,88000000008629
89000000008129,1,88000000008123
89000000008130,1,88000000008325
89000000008131,1,88000000007980
89000000008132,1,88000000007968
89000000008133,1,88000000008207
89000000008134,1,88000000008045
89000000008135,1,88000000008160
89000000008136,1,88000000008196
89000000008137,1,88000000009243
89000000008138,1,88000000007801
89000000008139,1,88000000008528
89000000008140,1,88000000008428
89000000008141,1,88000000008217
89000000008142,1,88000000008197
89000000008143,1,88000000008098
89000000008144,1,88000000008305
89000000008145,1,88000000008278
89000000008146,1,88000000007937
89000000008147,1,88000000008936
89000000008148,1,88000000008061
89000000008149,1,88000000008349
89000000008150,1,88000000008341
89000000008151,1,88000000008276
89000000008152,1,88000000007689
89000000008155,1,88000000008192
89000000008156,1,88000000008078
89000000008158,1,88000000008963
89000000008159,1,88000000007903
89000000008160,1,88000000008105
89000000008162,1,88000000008029
89000000008163,1,88000000008625
89000000008164,1,88000000008477
89000000008165,1,88000000007967
89000000008166,1,88000000008715
89000000008167,1,88000000008075
89000000008168,1,88000000008199
89000000008169,1,88000000008214
89000000008170,1,88000000008311
89000000008171,1,88000000008509
89000000008172,1,88000000008371
89000000008173,1,88000000008303
89000000008175,1,88000000008511
89000000008176,1,88000000009079
89000000008177,1,88000000007948
89000000008178,1,88000000008027
89000000008179,1,88000000008112
89000000008180,1,88000000007744
89000000008182,2,"88000000009730,88000000018965"
89000000008184,1,88000000008456
89000000008185,1,88000000007841
89000000008186,1,88000000008312
89000000008187,1,88000000007920
89000000008189,1,88000000008545
89000000008190,1,88000000008145
89000000008191,1,88000000007575
89000000008192,1,88000000007712
89000000008193,1,88000000008527
89000000008194,1,88000000007973
89000000008195,1,88000000007685
89000000008196,1,88000000007899
89000000008197,1,88000000008337
89000000008198,1,88000000008403
89000000008199,1,88000000008148
89000000008200,1,88000000008060
89000000008201,1,88000000008084
89000000008202,1,88000000008156
89000000008203,1,88000000009424
89000000008204,1,88000000007879
89000000008205,1,88000000007997
89000000008206,1,88000000007142
89000000008207,1,88000000008128
89000000008208,1,88000000007959
89000000008209,1,88000000008284
89000000008210,1,88000000008645
89000000008211,1,88000000008289
89000000008212,1,88000000008840
89000000008214,1,88000000008385
89000000008215,1,88000000007945
89000000008216,1,88000000007759
89000000008217,1,88000000008534
89000000008218,1,88000000008479
89000000008219,1,88000000007923
89000000008220,1,88000000008173
89000000008223,1,88000000007653
89000000008224,1,88000000008363
89000000008225,1,88000000008273
89000000008226,1,88000000008233
89000000008227,1,88000000009318
89000000008228,1,88000000008195
89000000008229,1,88000000008910
89000000008230,1,88000000009940
89000000008232,1,88000000006543
89000000008233,1,88000000008309
89000000008234,1,88000000008665
89000000008235,1,88000000008296
89000000008236,1,88000000008025
89000000008237,1,88000000008506
89000000008238,1,88000000008301
89000000008239,1,88000000008234
89000000008240,1,88000000008559
89000000008242,1,88000000008449
89000000008243,1,88000000008633
89000000008244,1,88000000008451
89000000008245,1,88000000008019
89000000008246,1,88000000008161
89000000008247,1,88000000008510
89000000008248,1,88000000008130
89000000008249,1,88000000007868
89000000008250,1,88000000008369
89000000008251,1,88000000008169
89000000008252,1,88000000008982
89000000008254,1,88000000008741
89000000008255,1,88000000008230
89000000008257,1,88000000007114
89000000008258,1,88000000008141
89000000008259,1,88000000008258
89000000008260,1,88000000008111
89000000008262,1,88000000010714
89000000008263,1,88000000007392
89000000008264,1,88000000008316
89000000008265,1,88000000008627
89000000008266,1,88000000008915
89000000008267,1,88000000008561
89000000008268,1,88000000008508
89000000008271,1,88000000008227
89000000008272,1,88000000008659
89000000008273,1,88000000008271
89000000008274,1,88000000008352
89000000008275,1,88000000008865
89000000008276,1,88000000008204
89000000008277,1,88000000008328
89000000008278,1,88000000008354
89000000008279,1,88000000007813
89000000008280,1,88000000008338
89000000008281,1,88000000008317
89000000008282,1,88000000008601
89000000008283,1,88000000008608
89000000008285,1,88000000007906
89000000008286,1,88000000008683
89000000008287,1,88000000008578
89000000008288,1,88000000008293
89000000008290,1,88000000007138
89000000008291,1,88000000008185
89000000008292,1,88000000008126
89000000008293,1,88000000007951
89000000008294,1,88000000008220
89000000008295,1,88000000009459
89000000008296,1,88000000008420
89000000008297,1,88000000008291
89000000008298,1,88000000008919
89000000008299,1,88000000008676
89000000008300,1,88000000008137
89000000008301,1,88000000011587
89000000008302,1,88000000008162
89000000008303,1,88000000008343
89000000008304,1,88000000008599
89000000008305,1,88000000008059
89000000008306,1,88000000008529
89000000008309,1,88000000008938
89000000008310,1,88000000011777
89000000008311,1,88000000007761
89000000008312,1,88000000007394
89000000008313,1,88000000008752
89000000008314,1,88000000008577
89000000008315,1,88000000008983
89000000008316,1,88000000008266
89000000008317,1,88000000009880
89000000008318,1,88000000008587
89000000008320,1,88000000008270
89000000008321,1,88000000008652
89000000008322,1,88000000008422
89000000008323,1,88000000008177
89000000008324,1,88000000007837
89000000008326,1,88000000008574
89000000008327,1,88000000008411
89000000008328,1,88000000008095
89000000008329,1,88000000010097
89000000008331,1,88000000008636
89000000008332,1,88000000008269
89000000008333,1,88000000009177
89000000008335,1,88000000007554
89000000008336,1,88000000007904
89000000008337,1,88000000008516
89000000008338,1,88000000008373
89000000008339,1,88000000008004
89000000008341,1,88000000008374
89000000008342,1,88000000009034
89000000008343,1,88000000010154
89000000008344,1,88000000008047
89000000008345,1,88000000008540
89000000008346,1,88000000008431
89000000008347,1,88000000008401
89000000008349,1,88000000008188
89000000008350,1,88000000007905
89000000008351,1,88000000008523
89000000008352,1,88000000008393
89000000008353,1,88000000008619
89000000008354,1,88000000008512
89000000008355,1,88000000008034
89000000008356,1,88000000008120
89000000008358,1,88000000009253
89000000008359,1,88000000008194
89000000008360,1,88000000008677
89000000008361,1,88000000008201
89000000008362,1,88000000008485
89000000008364,1,88000000009544
89000000008365,1,88000000008782
89000000008366,1,88000000008950
89000000008367,1,88000000008600
89000000008368,1,88000000007737
89000000008369,1,88000000009561
89000000008371,1,88000000008591
89000000008372,1,88000000007343
89000000008374,1,88000000008620
89000000008375,2,"88000000010888,88000000022427"
89000000008376,1,88000000008687
89000000008377,1,88000000008388
89000000008378,1,88000000008236
89000000008379,1,88000000008444
89000000008380,1,88000000012677
89000000008381,1,88000000009624
89000000008382,1,88000000008416
89000000008383,1,88000000008467
89000000008384,1,88000000008339
89000000008385,1,88000000008224
89000000008386,1,88000000007779
89000000008387,1,88000000008323
89000000008388,1,88000000008186
89000000008389,1,88000000008717
89000000008391,1,88000000008845
89000000008392,1,88000000008237
89000000008393,1,88000000008450
89000000008395,1,88000000008330
89000000008396,1,88000000008507
89000000008397,1,88000000008240
89000000008398,1,88000000008538
89000000008399,1,88000000009536
89000000008400,1,88000000008180
89000000008401,1,88000000008119
89000000008402,1,88000000008626
89000000008403,1,88000000008459
89000000008404,1,88000000009295
89000000008405,1,88000000008539
89000000008406,1,88000000008644
89000000008407,1,88000000010644
89000000008408,1,88000000008531
89000000008409,1,88000000008018
89000000008410,1,88000000008650
89000000008411,1,88000000008706
89000000008412,1,88000000008833
89000000008413,1,88000000008769
89000000008414,1,88000000008351
89000000008415,1,88000000008353
89000000008416,1,88000000008159
89000000008417,1,88000000008617
89000000008419,1,88000000007767
89000000008420,1,88000000008864
89000000008421,1,88000000008041
89000000008422,1,88000000010837
89000000008423,1,88000000008179
89000000008424,1,88000000008749
89000000008425,1,88000000007982
89000000008426,1,88000000008848
89000000008427,1,88000000008336
89000000008428,1,88000000008607
89000000008429,1,88000000008457
89000000008431,1,88000000008517
89000000008433,1,88000000008413
89000000008434,1,88000000008635
89000000008435,1,88000000008748
89000000008437,1,88000000008584
89000000008439,1,88000000008321
89000000008440,1,88000000008259
89000000008441,1,88000000008705
89000000008442,1,88000000008811
89000000008443,1,88000000007993
89000000008444,1,88000000008701
89000000008445,1,88000000008751
89000000008446,1,88000000008991
89000000008447,1,88000000008873
89000000008448,1,88000000008569
89000000008450,1,88000000008453
89000000008451,1,88000000008631
89000000008452,1,88000000010817
89000000008453,1,88000000008899
89000000008454,1,88000000006714
89000000008455,1,88000000009075
89000000008458,1,88000000008521
89000000008459,1,88000000008051
89000000008460,1,88000000008501
89000000008462,1,88000000008702
89000000008463,1,88000000008443
89000000008464,1,88000000008672
89000000008469,1,88000000008634
89000000008470,1,88000000010492
89000000008471,1,88000000008795
89000000008472,1,88000000013594
89000000008473,1,88000000008721
89000000008474,1,88000000009564
89000000008475,1,88000000008891
89000000008476,1,88000000009272
89000000008477,1,88000000008175
89000000008478,1,88000000008382
89000000008479,1,88000000009400
89000000008480,1,88000000008487
89000000008481,1,88000000008440
89000000008482,1,88000000007391
89000000008484,1,88000000008566
89000000008485,1,88000000008423
89000000008486,1,88000000008036
89000000008487,1,88000000008911
89000000008488,1,88000000008174
89000000008489,1,88000000008454
89000000008490,1,88000000008262
89000000008491,1,88000000008424
89000000008492,1,88000000008520
89000000008493,1,88000000009169
89000000008494,1,88000000008581
89000000008495,1,88000000008463
89000000008496,1,88000000008753
89000000008497,1,88000000008136
89000000008498,1,88000000008134
89000000008499,1,88000000008087
89000000008500,1,88000000008685
89000000008502,1,88000000008609
89000000008503,1,88000000008346
89000000008504,1,88000000008445
89000000008505,1,88000000008879
89000000008506,1,88000000009607
89000000008507,1,88000000008407
89000000008508,1,88000000008193
89000000008509,1,88000000008322
89000000008510,1,88000000008892
89000000008511,1,88000000008372
89000000008512,1,88000000008441
89000000008513,1,88000000008310
89000000008514,1,88000000008750
89000000008516,1,88000000008738
89000000008517,1,88000000008570
89000000008519,1,88000000008690
89000000008520,1,88000000008488
89000000008522,1,88000000008649
89000000008523,1,88000000008656
89000000008524,1,88000000009497
89000000008525,1,88000000008723
89000000008526,1,88000000008666
89000000008527,1,88000000011807
89000000008528,1,88000000008817
89000000008529,1,88000000008277
89000000008530,1,88000000008730
89000000008531,1,88000000009125
89000000008532,1,88000000008642
89000000008533,1,88000000008984
89000000008534,1,88000000008771
89000000008535,1,88000000009068
89000000008536,1,88000000008579
89000000008537,1,88000000008170
89000000008538,1,88000000008555
89000000008539,1,88000000009413
89000000008540,1,88000000008637
89000000008541,1,88000000009066
89000000008542,1,88000000009290
89000000008543,1,88000000008639
89000000008544,1,88000000009732
89000000008546,1,88000000008669
89000000008547,1,88000000008758
89000000008548,1,88000000008807
89000000008549,1,88000000008493
89000000008550,1,88000000008796
89000000008551,1,88000000008552
89000000008552,1,88000000003895
89000000008553,1,88000000008732
89000000008554,1,88000000009241
89000000008556,1,88000000008470
89000000008557,1,88000000011935
89000000008558,1,88000000009473
89000000008559,1,88000000008823
89000000008560,1,88000000008630
89000000008561,1,88000000008478
89000000008563,1,88000000008390
89000000008565,1,88000000008663
89000000008566,1,88000000008813
89000000008567,1,88000000008356
89000000008568,1,88000000008142
89000000008569,1,88000000008495
89000000008570,1,88000000008572
89000000008571,1,88000000006997
89000000008572,1,88000000009757
89000000008574,1,88000000009191
89000000008575,1,88000000008691
89000000008576,1,88000000008772
89000000008578,1,88000000008462
89000000008579,1,88000000008460
89000000008580,1,88000000008497
89000000008582,1,88000000007873
89000000008583,1,88000000008670
89000000008584,1,88000000008998
89000000008585,1,88000000008595
89000000008586,1,88000000008410
89000000008587,1,88000000009225
89000000008588,1,88000000008447
89000000008589,1,88000000008868
89000000008590,1,88000000008588
89000000008591,1,88000000008544
89000000008592,1,88000000007824
89000000008593,1,88000000008618
89000000008594,1,88000000008532
89000000008595,1,88000000008231
89000000008596,1,88000000008834
89000000008597,1,88000000008614
89000000008598,1,88000000008660
89000000008600,1,88000000009078
89000000008601,1,88000000008815
89000000008602,1,88000000008836
89000000008603,1,88000000008099
89000000008604,1,88000000008667
89000000008605,1,88000000009782
89000000008606,1,88000000011885
89000000008607,1,88000000008927
89000000008608,1,88000000008929
89000000008609,1,88000000008859
89000000008610,1,88000000008939
89000000008612,1,88000000008870
89000000008613,1,88000000007966
89000000008614,1,88000000008568
89000000008615,1,88000000010657
89000000008616,1,88000000008205
89000000008617,1,88000000008628
89000000008618,1,88000000008439
89000000008619,1,88000000008615
89000000008621,1,88000000008996
89000000008622,1,88000000008421
89000000008623,1,88000000008571
89000000008625,1,88000000008889
89000000008626,1,88000000008867
89000000008627,1,88000000008140
89000000008628,1,88000000008800
89000000008629,1,88000000008962
89000000008630,1,88000000008365
89000000008631,1,88000000009112
89000000008632,1,88000000008015
89000000008633,1,88000000008547
89000000008634,1,88000000008612
89000000008636,1,88000000008434
89000000008637,1,88000000008735
89000000008640,1,88000000008379
89000000008641,1,88000000008646
89000000008642,1,88000000008473
89000000008644,1,88000000007548
89000000008645,1,88000000007981
89000000008646,1,88000000008959
89000000008647,1,88000000008483
89000000008648,1,88000000008697
89000000008649,1,88000000007545
89000000008651,1,88000000008931
89000000008652,1,88000000012415
89000000008653,1,88000000008756
89000000008654,1,88000000008576
89000000008655,1,88000000008797
89000000008656,1,88000000008558
89000000008657,1,88000000008689
89000000008658,1,88000000008971
89000000008659,1,88000000009365
89000000008661,1,88000000008361
89000000008662,1,88000000008881
89000000008663,1,88000000008692
89000000008664,1,88000000009045
89000000008665,1,88000000007507
89000000008666,1,88000000008788
89000000008667,1,88000000008575
89000000008668,1,88000000008830
89000000008670,1,88000000009049
89000000008671,1,88000000008537
89000000008672,1,88000000008664
89000000008673,1,88000000008680
89000000008674,1,88000000008471
89000000008675,1,88000000008828
89000000008676,1,88000000008898
89000000008678,1,88000000007874
89000000008679,1,88000000008781
89000000008680,1,88000000008613
89000000008681,1,88000000008675
89000000008682,1,88000000009038
89000000008683,1,88000000008438
89000000008684,1,88000000009054
89000000008686,1,88000000008586
89000000008687,1,88000000009429
89000000008688,1,88000000008716
89000000008689,1,88000000003683
89000000008690,1,88000000008928
89000000008691,1,88000000008551
89000000008692,1,88000000010459
89000000008693,1,88000000008731
89000000008694,1,88000000008563
89000000008695,1,88000000008851
89000000008696,1,88000000008700
89000000008697,1,88000000008704
89000000008698,1,88000000008958
89000000008699,1,88000000009144
89000000008701,1,88000000008791
89000000008702,1,88000000009107
89000000008703,1,88000000008474
89000000008704,1,88000000008799
89000000008706,1,88000000008376
89000000008707,1,88000000009085
89000000008708,1,88000000008387
89000000008709,1,88000000008679
89000000008710,1,88000000008083
89000000008713,1,88000000008189
89000000008714,1,88000000009011
89000000008715,1,88000000008597
89000000008716,1,88000000009048
89000000008717,1,88000000008651
89000000008718,1,88000000006712
89000000008719,1,88000000008882
89000000008720,1,88000000008821
89000000008721,1,88000000009002
89000000008722,1,88000000009537
89000000008723,1,88000000010075
89000000008724,1,88000000008610
89000000008725,1,88000000009070
89000000008726,1,88000000008699
89000000008727,1,88000000008724
89000000008728,1,88000000008287
89000000008729,1,88000000011738
89000000008731,1,88000000009076
89000000008732,1,88000000008727
89000000008733,1,88000000008827
89000000008734,1,88000000008726
89000000008735,1,88000000008733
89000000008737,1,88000000009062
89000000008738,1,88000000008875
89000000008739,1,88000000009249
89000000008740,1,88000000009827
89000000008741,1,88000000008350
89000000008742,1,88000000008764
89000000008743,1,88000000008802
89000000008744,1,88000000010195
89000000008746,1,88000000009073
89000000008747,1,88000000008418
89000000008748,1,88000000008452
89000000008749,1,88000000008761
89000000008750,1,88000000008970
89000000008751,1,88000000009740
89000000008752,1,88000000010753
89000000008753,1,88000000009129
89000000008754,1,88000000007202
89000000008757,1,88000000008787
89000000008758,1,88000000008975
89000000008759,1,88000000008896
89000000008760,1,88000000008856
89000000008761,1,88000000008854
89000000008762,1,88000000008818
89000000008763,1,88000000008722
89000000008764,1,88000000009026
89000000008765,1,88000000008953
89000000008766,1,88000000008466
89000000008767,1,88000000008972
89000000008768,1,88000000008736
89000000008769,1,88000000008546
89000000008772,1,88000000008872
89000000008773,1,88000000008694
89000000008774,1,88000000008695
89000000008775,1,88000000008616
89000000008776,1,88000000008876
89000000008777,1,88000000008841
89000000008779,1,88000000008790
89000000008780,1,88000000009033
89000000008781,1,88000000009166
89000000008782,1,88000000008386
89000000008783,1,88000000009126
89000000008784,1,88000000007753
89000000008785,1,88000000009309
89000000008786,1,88000000009123
89000000008787,1,88000000009822
89000000008788,1,88000000009009
89000000008789,1,88000000010211
89000000008790,1,88000000008901
89000000008791,1,88000000009120
89000000008792,1,88000000008852
89000000008793,1,88000000008863
89000000008794,1,88000000008786
89000000008795,1,88000000010424
89000000008796,1,88000000008806
89000000008797,1,88000000009061
89000000008798,1,88000000010090
89000000008799,1,88000000007846
89000000008800,1,88000000009223
89000000008801,1,88000000008961
89000000008802,1,88000000008549
89000000008803,1,88000000008604
89000000008804,1,88000000008437
89000000008805,1,88000000008829
89000000008806,1,88000000008904
89000000008807,1,88000000008747
89000000008809,1,88000000009040
89000000008811,1,88000000008934
89000000008812,1,88000000009044
89000000008813,1,88000000008766
89000000008814,1,88000000008987
89000000008815,1,88000000009031
89000000008816,1,88000000008877
89000000008817,1,88000000008945
89000000008818,1,88000000008657
89000000008820,1,88000000008767
89000000008822,1,88000000009284
89000000008823,1,88000000010143
89000000008824,1,88000000009362
89000000008825,1,88000000009165
89000000008826,1,88000000008999
89000000008827,1,88000000008710
89000000008828,1,88000000008969
89000000008829,1,88000000009418
89000000008830,1,88000000008409
89000000008831,1,88000000009533
89000000008832,1,88000000009157
89000000008833,1,88000000009361
89000000008834,1,88000000009057
89000000008835,1,88000000008668
89000000008836,1,88000000008746
89000000008837,1,88000000008968
89000000008838,1,88000000009224
89000000008839,1,88000000009289
89000000008840,1,88000000010057
89000000008842,1,88000000009090
89000000008843,1,88000000008768
89000000008844,1,88000000009236
89000000008847,1,88000000008759
89000000008848,1,88000000009100
89000000008849,1,88000000008995
89000000008850,1,88000000008486
89000000008851,1,88000000009018
89000000008852,1,88000000009001
89000000008853,1,88000000008526
89000000008854,1,88000000009314
89000000008855,1,88000000009242
89000000008856,1,88000000009229
89000000008857,1,88000000009101
89000000008858,1,88000000008947
89000000008860,1,88000000008711
89000000008861,1,88000000009837
89000000008862,1,88000000008992
89000000008863,1,88000000008541
89000000008864,1,88000000008585
89000000008865,1,88000000008640
89000000008867,1,88000000007785
89000000008868,1,88000000008780
89000000008869,1,88000000008843
89000000008870,1,88000000008602
89000000008871,1,88000000008894
89000000008872,1,88000000008990
89000000008873,1,88000000009010
89000000008874,1,88000000008754
89000000008875,1,88000000008922
89000000008876,1,88000000009639
89000000008877,1,88000000008429
89000000008878,1,88000000008956
89000000008879,1,88000000008491
89000000008880,1,88000000010240
89000000008881,1,88000000009074
89000000008882,1,88000000009228
89000000008883,1,88000000008986
89000000008884,1,88000000008789
89000000008885,1,88000000009006
89000000008886,1,88000000008536
89000000008887,1,88000000008880
89000000008888,1,88000000008893
89000000008889,1,88000000008979
89000000008890,1,88000000008930
89000000008891,1,88000000008345
89000000008892,1,88000000008798
89000000008893,1,88000000008838
89000000008895,1,88000000009414
89000000008896,1,88000000009702
89000000008898,1,88000000008937
89000000008899,1,88000000008808
89000000008901,1,88000000009401
89000000008903,1,88000000008933
89000000008904,1,88000000009910
89000000008907,1,88000000009171
89000000008908,1,88000000008923
89000000008909,1,88000000009087
89000000008910,1,88000000008916
89000000008911,1,88000000008785
89000000008912,1,88000000009000
89000000008913,1,88000000009003
89000000008914,1,88000000008773
89000000008915,1,88000000008794
89000000008916,1,88000000008397
89000000008917,1,88000000009234
89000000008918,1,88000000009287
89000000008920,1,88000000009263
89000000008921,1,88000000009300
89000000008922,1,88000000010314
89000000008923,1,88000000008857
89000000008924,1,88000000008167
89000000008925,1,88000000009218
89000000008926,1,88000000009338
89000000008927,1,88000000008874
89000000008929,1,88000000008994
89000000008930,1,88000000009160
89000000008931,1,88000000008884
89000000008932,1,88000000008912
89000000008933,1,88000000009897
89000000008934,1,88000000009360
89000000008935,1,88000000009015
89000000008937,1,88000000008924
89000000008938,1,88000000009308
89000000008941,1,88000000009502
89000000008942,1,88000000008921
89000000008943,1,88000000008712
89000000008944,1,88000000009096
89000000008945,1,88000000009214
89000000008946,1,88000000008183
89000000008947,1,88000000009371
89000000008948,1,88000000009355
89000000008950,1,88000000008554
89000000008951,1,88000000009267
89000000008952,1,88000000009369
89000000008953,1,88000000008853
89000000008954,1,88000000009124
89000000008955,1,88000000009122
89000000008956,1,88000000009131
89000000008957,1,88000000009237
89000000008958,1,88000000008941
89000000008959,1,88000000009060
89000000008961,1,88000000008826
89000000008963,1,88000000008946
89000000008964,1,88000000008777
89000000008965,1,88000000008603
89000000008966,1,88000000008980
89000000008967,1,88000000009136
89000000008968,1,88000000008885
89000000008969,1,88000000008997
89000000008971,1,88000000009135
89000000008972,1,88000000009184
89000000008973,1,88000000008964
89000000008974,1,88000000010182
89000000008976,1,88000000009102
89000000008977,1,88000000009032
89000000008978,1,88000000010287
89000000008980,1,88000000008709
89000000008981,1,88000000007872
89000000008982,1,88000000009130
89000000008983,1,88000000008590
89000000008984,1,88000000009192
89000000008985,1,88000000009322
89000000008986,1,88000000009195
89000000008988,1,88000000008942
89000000008989,1,88000000007854
89000000008990,1,88000000009152
89000000008991,1,88000000009141
89000000008992,1,88000000008957
89000000008993,1,88000000009162
89000000008994,1,88000000009586
89000000008995,1,88000000009259
89000000008996,1,88000000008320
89000000008997,1,88000000009189
89000000008998,1,88000000009238
89000000008999,1,88000000007853
89000000009000,1,88000000009188
89000000009001,1,88000000008775
89000000009002,1,88000000009175
89000000009004,1,88000000009377
89000000009006,1,88000000008734
89000000009007,1,88000000009620
89000000009010,1,88000000009082
89000000009011,1,88000000009037
89000000009012,1,88000000008560
89000000009013,1,88000000009283
89000000009014,1,88000000009323
89000000009015,1,88000000009495
89000000009016,1,88000000008671
89000000009017,1,88000000009357
89000000009018,1,88000000009612
89000000009020,1,88000000009299
89000000009021,1,88000000008944
89000000009024,1,88000000010068
89000000009025,1,88000000009043
89000000009026,1,88000000009093
89000000009028,1,88000000009511
89000000009029,1,88000000009451
89000000009030,1,88000000008611
89000000009031,1,88000000009055
89000000009033,1,88000000009194
89000000009034,1,88000000009221
89000000009035,1,88000000008976
89000000009036,1,88000000010495
89000000009037,1,88000000009455
89000000009038,1,88000000009023
89000000009039,1,88000000008053
89000000009041,1,88000000008594
89000000009042,1,88000000008932
89000000009043,1,88000000009553
89000000009044,1,88000000009071
89000000009045,1,88000000009305
89000000009046,1,88000000009193
89000000009047,1,88000000008820
89000000009048,1,88000000009020
89000000009051,1,88000000008943
89000000009052,1,88000000008973
89000000009053,1,88000000009086
89000000009055,1,88000000009364
89000000009056,1,88000000008693
89000000009057,1,88000000009199
89000000009058,1,88000000010426
89000000009060,1,88000000008129
89000000009061,1,88000000009051
89000000009062,1,88000000008837
89000000009063,1,88000000009065
89000000009064,1,88000000009148
89000000009065,1,88000000008812
89000000009066,1,88000000009545
89000000009067,1,88000000009574
89000000009068,1,88000000008739
89000000009069,1,88000000009592
89000000009070,1,88000000008920
89000000009072,1,88000000009111
89000000009073,1,88000000009894
89000000009074,1,88000000009143
89000000009075,1,88000000009712
89000000009076,1,88000000009762
89000000009077,1,88000000008890
89000000009079,1,88000000009132
89000000009080,1,88000000010428
89000000009081,1,88000000009021
89000000009082,1,88000000009297
89000000009084,1,88000000009116
89000000009085,1,88000000009150
89000000009086,1,88000000008860
89000000009087,1,88000000009562
89000000009088,1,88000000010963
89000000009089,1,88000000008985
89000000009091,1,88000000009089
89000000009093,1,88000000009250
89000000009094,1,88000000008494
89000000009096,1,88000000009643
89000000009097,1,88000000009379
89000000009098,1,88000000008966
89000000009099,1,88000000009097
89000000009100,1,88000000009008
89000000009101,1,88000000008674
89000000009102,1,88000000009396
89000000009103,1,88000000008755
89000000009104,1,88000000009207
89000000009105,1,88000000009411
89000000009106,1,88000000009248
89000000009108,1,88000000009183
89000000009109,1,88000000008902
89000000009110,1,88000000009378
89000000009111,1,88000000009156
89000000009112,1,88000000009064
89000000009114,1,88000000009232
89000000009115,1,88000000009217
89000000009116,1,88000000009206
89000000009118,1,88000000009291
89000000009119,1,88000000009203
89000000009120,1,88000000008814
89000000009121,1,88000000009302
89000000009122,1,88000000009167
89000000009125,1,88000000009004
89000000009126,1,88000000009385
89000000009127,1,88000000009047
89000000009128,1,88000000009233
89000000009129,1,88000000009584
89000000009131,1,88000000008592
89000000009132,1,88000000009245
89000000009133,1,88000000009493
89000000009134,1,88000000009312
89000000009135,1,88000000009281
89000000009136,1,88000000009326
89000000009137,1,88000000009239
89000000009138,1,88000000009244
89000000009139,1,88000000009127
89000000009140,1,88000000009306
89000000009141,1,88000000008960
89000000009142,1,88000000008743
89000000009143,1,88000000009140
89000000009144,1,88000000010127
89000000009145,1,88000000009099
89000000009146,1,88000000009145
89000000009147,1,88000000008333
89000000009148,1,88000000008779
89000000009149,1,88000000008091
89000000009150,1,88000000009251
89000000009151,1,88000000009616
89000000009152,1,88000000010973
89000000009153,1,88000000009649
89000000009154,1,88000000009255
89000000009155,1,88000000014201
89000000009156,1,88000000009158
89000000009157,1,88000000008809
89000000009158,1,88000000009211
89000000009159,1,88000000009190
89000000009160,1,88000000009286
89000000009161,1,88000000009161
89000000009162,1,88000000009041
89000000009164,1,88000000009063
89000000009165,1,88000000009222
89000000009166,1,88000000008655
89000000009167,1,88000000009367
89000000009168,1,88000000009151
89000000009169,1,88000000011137
89000000009170,1,88000000009656
89000000009171,1,88000000008658
89000000009173,1,88000000008435
89000000009174,1,88000000009599
89000000009175,1,88000000009246
89000000009176,1,88000000009173
89000000009177,1,88000000009022
89000000009179,1,88000000008955
89000000009180,1,88000000008535
89000000009181,1,88000000008765
89000000009182,1,88000000009103
89000000009183,1,88000000009441
89000000009184,1,88000000009172
89000000009185,1,88000000009329
89000000009187,1,88000000009324
89000000009188,1,88000000009882
89000000009189,1,88000000009410
89000000009191,1,88000000008888
89000000009192,1,88000000009951
89000000009193,1,88000000009270
89000000009194,1,88000000009325
89000000009195,1,88000000009548
89000000009196,1,88000000009366
89000000009197,1,88000000009110
89000000009198,1,88000000008673
89000000009200,1,88000000009028
89000000009201,1,88000000010092
89000000009202,1,88000000009363
89000000009203,1,88000000009108
89000000009204,1,88000000009197
89000000009205,1,88000000009178
89000000009206,1,88000000009265
89000000009207,1,88000000009333
89000000009208,1,88000000009631
89000000009209,1,88000000009415
89000000009210,1,88000000009091
89000000009212,1,88000000009288
89000000009213,1,88000000009682
89000000009214,1,88000000009422
89000000009215,1,88000000008048
89000000009216,1,88000000009339
89000000009217,1,88000000009356
89000000009218,1,88000000009442
89000000009219,1,88000000009555
89000000009220,1,88000000009777
89000000009221,1,88000000009114
89000000009222,1,88000000009198
89000000009223,1,88000000008113
89000000009224,1,88000000009552
89000000009225,1,88000000009332
89000000009226,1,88000000009928
89000000009227,1,88000000009163
89000000009228,1,88000000009215
89000000009229,1,88000000009279
89000000009230,1,88000000009316
89000000009232,1,88000000009439
89000000009233,1,88000000009017
89000000009234,1,88000000009046
89000000009235,1,88000000009447
89000000009236,1,88000000009547
89000000009237,1,88000000009778
89000000009238,1,88000000013949
89000000009239,1,88000000009077
89000000009240,1,88000000009563
89000000009241,1,88000000008678
89000000009243,1,88000000007322
89000000009244,1,88000000008914
89000000009245,1,88000000009406
89000000009246,1,88000000009738
89000000009248,1,88000000009469
89000000009249,1,88000000009013
89000000009251,1,88000000010406
89000000009252,1,88000000010020
89000000009253,1,88000000009530
89000000009254,1,88000000009117
89000000009255,1,88000000006911
89000000009256,1,88000000009661
89000000009257,1,88000000008803
89000000009258,1,88000000010690
89000000009259,1,88000000009481
89000000009260,1,88000000009708
89000000009261,1,88000000009080
89000000009262,1,88000000009219
89000000009263,1,88000000009980
89000000009264,1,88000000009557
89000000009267,1,88000000012175
89000000009268,1,88000000013152
89000000009269,1,88000000009485
89000000009270,1,88000000013699
89000000009271,1,88000000009496
89000000009274,1,88000000009311
89000000009275,1,88000000009807
89000000009277,1,88000000011514
89000000009278,1,88000000009376
89000000009279,1,88000000009005
89000000009280,1,88000000009374
89000000009281,1,88000000009839
89000000009283,1,88000000008948
89000000009284,1,88000000009042
89000000009285,1,88000000010458
89000000009286,1,88000000009200
89000000009287,1,88000000009176
89000000009288,1,88000000009417
89000000009289,1,88000000009749
89000000009290,1,88000000009525
89000000009292,1,88000000009358
89000000009293,1,88000000009336
89000000009294,1,88000000009654
89000000009295,1,88000000009647
89000000009296,1,88000000009808
89000000009297,1,88000000009370
89000000009298,1,88000000009683
89000000009299,1,88000000008598
89000000009300,1,88000000014746
89000000009301,1,88000000009024
89000000009302,1,88000000012090
89000000009304,1,88000000009384
89000000009305,1,88000000009448
89000000009306,1,88000000009783
89000000009307,1,88000000008839
89000000009308,1,88000000010508
89000000009309,1,88000000009633
89000000009310,1,88000000009179
89000000009311,1,88000000009618
89000000009312,1,88000000009293
89000000009313,1,88000000008719
89000000009315,1,88000000009264
89000000009316,1,88000000009354
89000000009317,1,88000000009390
89000000009318,1,88000000009303
89000000009319,1,88000000009029
89000000009320,1,88000000009375
89000000009321,1,88000000009604
89000000009322,1,88000000009331
89000000009324,1,88000000009501
89000000009326,1,88000000009372
89000000009327,1,88000000009628
89000000009328,1,88000000010871
89000000009331,1,88000000009159
89000000009332,1,88000000009394
89000000009333,1,88000000009313
89000000009334,1,88000000006077
89000000009335,1,88000000009346
89000000009336,1,88000000009187
89000000009337,1,88000000008858
89000000009339,1,88000000009576
89000000009340,1,88000000009615
89000000009342,1,88000000009697
89000000009343,1,88000000009320
89000000009344,1,88000000010050
89000000009345,1,88000000009202
89000000009346,1,88000000010473
89000000009348,1,88000000009386
89000000009349,1,88000000010158
89000000009350,1,88000000009926
89000000009351,1,88000000009575
89000000009352,1,88000000008917
89000000009353,1,88000000008850
89000000009354,1,88000000009568
89000000009355,1,88000000009426
89000000009356,1,88000000009327
89000000009359,1,88000000009858
89000000009360,1,88000000009407
89000000009361,1,88000000009216
89000000009362,1,88000000009720
89000000009363,1,88000000008965
89000000009364,1,88000000009711
89000000009365,1,88000000009408
89000000009366,1,88000000009522
89000000009367,1,88000000009460
89000000009369,1,88000000009395
89000000009370,1,88000000009809
89000000009371,1,88000000009583
89000000009372,1,88000000009634
89000000009373,1,88000000010066
89000000009374,1,88000000009506
89000000009376,1,88000000009728
89000000009378,1,88000000009669
89000000009380,1,88000000009142
89000000009381,1,88000000010306
89000000009382,1,88000000009947
89000000009383,1,88000000009168
89000000009384,1,88000000009608
89000000009385,1,88000000009472
89000000009386,1,88000000009508
89000000009387,1,88000000009393
89000000009388,1,88000000009402
89000000009390,1,88000000010272
89000000009391,1,88000000009247
89000000009392,1,88000000009262
89000000009393,1,88000000009359
89000000009394,1,88000000008842
89000000009395,1,88000000009321
89000000009396,1,88000000009499
89000000009398,1,88000000010204
89000000009399,1,88000000009227
89000000009401,1,88000000009640
89000000009402,1,88000000009466
89000000009403,1,88000000008905
89000000009404,1,88000000009674
89000000009406,1,88000000009352
89000000009407,1,88000000009399
89000000009408,1,88000000009088
89000000009410,1,88000000009344
89000000009411,1,88000000009419
89000000009412,1,88000000009635
89000000009413,1,88000000009138
89000000009414,1,88000000009266
89000000009415,1,88000000009569
89000000009416,1,88000000008302
89000000009417,1,88000000009627
89000000009418,1,88000000009470
89000000009419,1,88000000009457
89000000009420,1,88000000009831
89000000009421,1,88000000009404
89000000009422,1,88000000010025
89000000009423,1,88000000009672
89000000009425,1,88000000009676
89000000009426,1,88000000009403
89000000009427,1,88000000009961
89000000009428,1,88000000009565
89000000009429,1,88000000009724
89000000009430,1,88000000009381
89000000009431,1,88000000010553
89000000009432,1,88000000008988
89000000009433,1,88000000008763
89000000009434,1,88000000009416
89000000009435,1,88000000009483
89000000009437,1,88000000010471
89000000009438,1,88000000009566
89000000009439,1,88000000009582
89000000009440,1,88000000009383
89000000009441,1,88000000009388
89000000009442,1,88000000009693
89000000009443,1,88000000010356
89000000009444,1,88000000009621
89000000009446,1,88000000009801
89000000009447,1,88000000009500
89000000009448,1,88000000009268
89000000009449,1,88000000009349
89000000009450,1,88000000009478
89000000009451,1,88000000011835
89000000009452,1,88000000009589
89000000009453,1,88000000009432
89000000009454,1,88000000009462
89000000009455,1,88000000009883
89000000009456,1,88000000009282
89000000009457,1,88000000010058
89000000009458,1,88000000009979
89000000009459,1,88000000008720
89000000009460,1,88000000008887
89000000009461,1,88000000009275
89000000009462,1,88000000009510
89000000009463,1,88000000009758
89000000009464,1,88000000010105
89000000009465,1,88000000008793
89000000009466,1,88000000009450
89000000009467,1,88000000008906
89000000009468,1,88000000009196
89000000009469,1,88000000010257
89000000009470,1,88000000009986
89000000009471,1,88000000009527
89000000009472,1,88000000009317
89000000009473,1,88000000009526
89000000009474,1,88000000009952
89000000009475,1,88000000009918
89000000009476,1,88000000010448
89000000009477,1,88000000009847
89000000009479,1,88000000009949
89000000009480,1,88000000009987
89000000009481,1,88000000009925
89000000009482,1,88000000009623
89000000009483,1,88000000009678
89000000009484,1,88000000010239
89000000009485,1,88000000009817
89000000009486,1,88000000009755
89000000009487,1,88000000010049
89000000009488,1,88000000009717
89000000009489,1,88000000009646
89000000009490,1,88000000009549
89000000009491,1,88000000010103
89000000009492,1,88000000009463
89000000009493,1,88000000010038
89000000009494,1,88000000009692
89000000009495,1,88000000009567
89000000009496,1,88000000009687
89000000009497,1,88000000010175
89000000009498,1,88000000009573
89000000009499,1,88000000011251
89000000009500,1,88000000008925
89000000009501,1,88000000009505
89000000009502,1,88000000009391
89000000009503,1,88000000010559
89000000009504,1,88000000009648
89000000009505,1,88000000009542
89000000009506,1,88000000008861
89000000009507,1,88000000010484
89000000009508,1,88000000009307
89000000009509,1,88000000009625
89000000009511,1,88000000010251
89000000009512,1,88000000009743
89000000009513,1,88000000010826
89000000009514,1,88000000010171
89000000009515,1,88000000007840
89000000009516,1,88000000009405
89000000009517,1,88000000009721
89000000009518,1,88000000010986
89000000009519,1,88000000009587
89000000009520,1,88000000010122
89000000009521,1,88000000009776
89000000009522,1,88000000009601
89000000009523,1,88000000009488
89000000009524,1,88000000010034
89000000009525,1,88000000009787
89000000009526,1,88000000004446
89000000009527,1,88000000009958
89000000009528,1,88000000009991
89000000009529,1,88000000008146
89000000009530,1,88000000009330
89000000009531,1,88000000009792
89000000009532,1,88000000008878
89000000009533,1,88000000009494
89000000009534,1,88000000009836
89000000009536,1,88000000009975
89000000009537,1,88000000008621
89000000009538,1,88000000009585
89000000009539,1,88000000009626
89000000009540,1,88000000009899
89000000009541,1,88000000009486
89000000009542,1,88000000009765
89000000009543,1,88000000009750
89000000009544,1,88000000006675
89000000009545,1,88000000009535
89000000009547,1,88000000011895
89000000009548,1,88000000009815
89000000009549,1,88000000010093
89000000009551,1,88000000009887
89000000009552,1,88000000009681
89000000009553,1,88000000009285
89000000009554,1,88000000009541
89000000009555,1,88000000009523
89000000009556,1,88000000009793
89000000009559,1,88000000008805
89000000009560,1,88000000009373
89000000009561,1,88000000009900
89000000009562,1,88000000009595
89000000009563,1,88000000009684
89000000009564,1,88000000010074
89000000009565,1,88000000009540
89000000009566,1,88000000009513
89000000009567,1,88000000010156
89000000009568,1,88000000009611
89000000009569,1,88000000009559
89000000009570,1,88000000009598
89000000009571,1,88000000009781
89000000009572,1,88000000011021
89000000009573,1,88000000009921
89000000009574,1,88000000009543
89000000009575,1,88000000009461
89000000009576,1,88000000009458
89000000009577,1,88000000009906
89000000009578,1,88000000010059
89000000009579,1,88000000009489
89000000009580,1,88000000009820
89000000009582,1,88000000009644
89000000009583,1,88000000009908
89000000009584,1,88000000009645
89000000009585,1,88000000009731
89000000009586,1,88000000009480
89000000009587,1,88000000009431
89000000009589,1,88000000009475
89000000009590,1,88000000009452
89000000009591,1,88000000009261
89000000009593,1,88000000010069
89000000009594,1,88000000009445
89000000009595,1,88000000009606
89000000009596,1,88000000009397
89000000009597,1,88000000009449
89000000009598,1,88000000009605
89000000009599,1,88000000008154
89000000009600,1,88000000009637
89000000009601,1,88000000009465
89000000009602,1,88000000009832
89000000009603,1,88000000009912
89000000009604,1,88000000009886
89000000009605,1,88000000009476
89000000009606,1,88000000009734
89000000009607,1,88000000010329
89000000009609,1,88000000009814
89000000009610,1,88000000009636
89000000009611,1,88000000009254
89000000009612,1,88000000010019
89000000009613,1,88000000009658
89000000009614,1,88000000009675
89000000009615,1,88000000009879
89000000009616,1,88000000009798
89000000009617,1,88000000009610
89000000009618,1,88000000009301
89000000009619,1,88000000009597
89000000009621,1,88000000009903
89000000009622,1,88000000009409
89000000009623,1,88000000010167
89000000009624,1,88000000009927
89000000009625,1,88000000009641
89000000009627,1,88000000009955
89000000009628,1,88000000009698
89000000009629,1,88000000009860
89000000009630,1,88000000009974
89000000009631,1,88000000009532
89000000009632,1,88000000009964
89000000009633,1,88000000008866
89000000009634,1,88000000009392
89000000009635,1,88000000009844
89000000009636,1,88000000009380
89000000009637,1,88000000009425
89000000009638,1,88000000010262
89000000009639,1,88000000009588
89000000009641,1,88000000010627
89000000009642,1,88000000009864
89000000009643,1,88000000009706
89000000009644,1,88000000009767
89000000009645,1,88000000009686
89000000009647,1,88000000009524
89000000009648,1,88000000010354
89000000009649,1,88000000010214
89000000009650,1,88000000009709
89000000009651,1,88000000009714
89000000009652,1,88000000009840
89000000009653,1,88000000008846
89000000009654,1,88000000009893
89000000009655,1,88000000009671
89000000009656,1,88000000009771
89000000009658,1,88000000009999
89000000009659,1,88000000009780
89000000009660,1,88000000009855
89000000009661,1,88000000009694
89000000009662,1,88000000010778
89000000009663,1,88000000009754
89000000009664,1,88000000009319
89000000009665,1,88000000009863
89000000009666,1,88000000009531
89000000009667,1,88000000009027
89000000009669,1,88000000009579
89000000009670,1,88000000010100
89000000009671,1,88000000009784
89000000009673,1,88000000009746
89000000009675,1,88000000009632
89000000009676,1,88000000009823
89000000009677,1,88000000009785
89000000009678,1,88000000008446
89000000009679,1,88000000007630
89000000009680,1,88000000009933
89000000009681,1,88000000009907
89000000009682,1,88000000009292
89000000009683,1,88000000009973
89000000009684,1,88000000009602
89000000009685,1,88000000010386
89000000009686,1,88000000010149
89000000009687,1,88000000012014
89000000009688,1,88000000010033
89000000009690,1,88000000009258
89000000009691,1,88000000010017
89000000009692,1,88000000010245
89000000009693,1,88000000010016
89000000009694,1,88000000009504
89000000009695,1,88000000009745
89000000009696,1,88000000009988
89000000009697,1,88000000009652
89000000009698,1,88000000009512
89000000009699,1,88000000010095
89000000009700,1,88000000009642
89000000009701,1,88000000010225
89000000009702,1,88000000010241
89000000009703,1,88000000009853
89000000009704,1,88000000009334
89000000009705,1,88000000009813
89000000009706,1,88000000009873
89000000009707,1,88000000009890
89000000009709,1,88000000009550
89000000009710,1,88000000009423
89000000009711,1,88000000009430
89000000009712,1,88000000009655
89000000009713,1,88000000010172
89000000009714,1,88000000009539
89000000009715,1,88000000009992
89000000009716,1,88000000009811
89000000009719,1,88000000009766
89000000009720,1,88000000010440
89000000009721,1,88000000010864
89000000009722,1,88000000009659
89000000009723,1,88000000010065
89000000009725,1,88000000009509
89000000009726,1,88000000008825
89000000009728,1,88000000009467
89000000009730,1,88000000009769
89000000009731,1,88000000010111
89000000009732,1,88000000009898
89000000009733,1,88000000009696
89000000009734,1,88000000011297
89000000009735,1,88000000009996
89000000009736,1,88000000009768
89000000009737,1,88000000009802
89000000009738,1,88000000009763
89000000009739,1,88000000009210
89000000009742,1,88000000009803
89000000009743,1,88000000009851
89000000009744,1,88000000009578
89000000009745,1,88000000009651
89000000009746,1,88000000009146
89000000009747,1,88000000009170
89000000009748,1,88000000009834
89000000009749,1,88000000010168
89000000009750,1,88000000009852
89000000009751,1,88000000009914
89000000009752,1,88000000009739
89000000009753,1,88000000009764
89000000009754,1,88000000009805
89000000009755,1,88000000009347
89000000009757,1,88000000010133
89000000009758,1,88000000010222
89000000009759,1,88000000010029
89000000009760,1,88000000010284
89000000009761,1,88000000010707
89000000009762,1,88000000009492
89000000009763,1,88000000010045
89000000009764,1,88000000009871
89000000009765,1,88000000011258
89000000009766,1,88000000010098
89000000009767,1,88000000010451
89000000009768,1,88000000009340
89000000009769,1,88000000012225
89000000009770,1,88000000010161
89000000009771,1,88000000009838
89000000009772,1,88000000010278
89000000009773,1,88000000009736
89000000009774,1,88000000009934
89000000009775,1,88000000009945
89000000009776,1,88000000010041
89000000009777,1,88000000009665
89000000009778,1,88000000010486
89000000009779,1,88000000009387
89000000009780,1,88000000010816
89000000009781,1,88000000010381
89000000009782,1,88000000010516
89000000009783,1,88000000010006
89000000009784,1,88000000010292
89000000009785,1,88000000010005
89000000009786,1,88000000009990
89000000009787,1,88000000009957
89000000009788,1,88000000009942
89000000009789,1,88000000009772
89000000009790,1,88000000010018
89000000009791,1,88000000010396
89000000009792,1,88000000010301
89000000009793,1,88000000010030
89000000009794,1,88000000009865
89000000009795,1,88000000009007
89000000009797,1,88000000009663
89000000009799,1,88000000009956
89000000009800,1,88000000009919
89000000009801,1,88000000010218
89000000009802,1,88000000008370
89000000009803,1,88000000010119
89000000009804,1,88000000010126
89000000009805,1,88000000009935
89000000009806,1,88000000011758
89000000009807,1,88000000009794
89000000009809,1,88000000010409
89000000009810,1,88000000010235
89000000009811,1,88000000009516
89000000009812,1,88000000009881
89000000009813,1,88000000010549
89000000009815,1,88000000010076
89000000009816,1,88000000009959
89000000009817,1,88000000009515
89000000009818,1,88000000009278
89000000009819,1,88000000010749
89000000009820,1,88000000010446
89000000009821,1,88000000009252
89000000009822,1,88000000009915
89000000009823,1,88000000009689
89000000009825,1,88000000011882
89000000009826,1,88000000013416
89000000009827,1,88000000009950
89000000009828,1,88000000009931
89000000009829,1,88000000010027
89000000009830,1,88000000009154
89000000009832,1,88000000009382
89000000009833,1,88000000009554
89000000009834,1,88000000010476
89000000009835,1,88000000009444
89000000009836,1,88000000010023
89000000009837,1,88000000010140
89000000009838,1,88000000009104
89000000009839,1,88000000009876
89000000009840,1,88000000010250
89000000009841,1,88000000010137
89000000009842,1,88000000009230
89000000009843,1,88000000010383
89000000009844,1,88000000007547
89000000009845,1,88000000009350
89000000009846,1,88000000009421
89000000009847,1,88000000011490
89000000009848,1,88000000009824
89000000009849,1,88000000009962
89000000009850,1,88000000010738
89000000009854,1,88000000010363
89000000009855,1,88000000009773
89000000009856,1,88000000010114
89000000009857,1,88000000010421
89000000009858,1,88000000009622
89000000009859,1,88000000009774
89000000009860,1,88000000009826
89000000009861,1,88000000009901
89000000009862,1,88000000010622
89000000009863,1,88000000009729
89000000009864,1,88000000009998
89000000009865,1,88000000009744
89000000009866,1,88000000011220
89000000009867,1,88000000010351
89000000009870,1,88000000009084
89000000009871,1,88000000009968
89000000009872,1,88000000010128
89000000009873,1,88000000009920
89000000009874,1,88000000009701
89000000009875,1,88000000009810
89000000009876,1,88000000009039
89000000009877,1,88000000009859
89000000009878,1,88000000008900
89000000009879,1,88000000013668
89000000009881,1,88000000011034
89000000009882,1,88000000010117
89000000009883,1,88000000009389
89000000009885,1,88000000009726
89000000009886,1,88000000010044
89000000009887,1,88000000016611
89000000009888,1,88000000010903
89000000009889,1,88000000010032
89000000009890,1,88000000009923
89000000009891,1,88000000010228
89000000009892,1,88000000009846
89000000009893,1,88000000009695
89000000009894,1,88000000009833
89000000009895,1,88000000009271
89000000009896,1,88000000010268
89000000009897,1,88000000009751
89000000009899,1,88000000010231
89000000009900,1,88000000012066
89000000009901,1,88000000010063
89000000009903,1,88000000010155
89000000009904,1,88000000010253
89000000009905,1,88000000009791
89000000009906,1,88000000009965
89000000009907,1,88000000010341
89000000009908,1,88000000010444
89000000009909,1,88000000010430
89000000009910,1,88000000009878
89000000009911,1,88000000009335
89000000009912,1,88000000010084
89000000009913,1,88000000010333
89000000009915,1,88000000009030
89000000009916,1,88000000009922
89000000009917,1,88000000009269
89000000009918,1,88000000009753
89000000009919,1,88000000009944
89000000009920,1,88000000010533
89000000009921,1,88000000010015
89000000009922,1,88000000008334
89000000009923,1,88000000010043
89000000009924,1,88000000009035
89000000009925,1,88000000010269
89000000009926,1,88000000010007
89000000009927,1,88000000009490
89000000009928,1,88000000010077
89000000009929,1,88000000009862
89000000009931,1,88000000010597
89000000009932,1,88000000010072
89000000009933,1,88000000011271
89000000009936,1,88000000009341
89000000009937,1,88000000010465
89000000009939,1,88000000010221
89000000009941,1,88000000010604
89000000009942,1,88000000010550
89000000009943,1,88000000010099
89000000009944,1,88000000010206
89000000009945,1,88000000009680
89000000009946,1,88000000010263
89000000009947,1,88000000010024
89000000009949,1,88000000009869
89000000009950,1,88000000010449
89000000009951,1,88000000012140
89000000009952,1,88000000010085
89000000009953,1,88000000010107
89000000009954,1,88000000011316
89000000009955,1,88000000009650
89000000009956,1,88000000009016
89000000009958,1,88000000010123
89000000009959,1,88000000010088
89000000009960,1,88000000010233
89000000009961,1,88000000010136
89000000009963,1,88000000008481
89000000009964,1,88000000010337
89000000009965,1,88000000009995
89000000009966,1,88000000008744
89000000009967,1,88000000010762
89000000009968,1,88000000009854
89000000009969,1,88000000010213
89000000009970,1,88000000011978
89000000009971,1,88000000010238
89000000009972,1,88000000010452
89000000009973,1,88000000010266
89000000009974,1,88000000014222
89000000009975,1,88000000010261
89000000009976,1,88000000009994
89000000009977,1,88000000007727
89000000009978,1,88000000010229
89000000009979,1,88000000010132
89000000009980,1,88000000010048
89000000009981,1,88000000010147
89000000009982,1,88000000011787
89000000009983,1,88000000010899
89000000009984,1,88000000009398
89000000009985,1,88000000009857
89000000009986,1,88000000010400
89000000009987,1,88000000014373
89000000009988,1,88000000010109
89000000009989,1,88000000010118
89000000009990,1,88000000010230
89000000009991,1,88000000009981
89000000009992,1,88000000011963
89000000009993,1,88000000010208
89000000009994,1,88000000009420
89000000009995,1,88000000009581
89000000009998,1,88000000010467
89000000010000,1,88000000010106
89000000010001,1,88000000009800
89000000010003,1,88000000010434
89000000010005,1,88000000010179
89000000010006,1,88000000009715
89000000010007,1,88000000009842
89000000010008,1,88000000009816
89000000010009,1,88000000009850
89000000010011,1,88000000010295
89000000010012,1,88000000009713
89000000010013,1,88000000010704
89000000010015,1,88000000010417
89000000010016,1,88000000009727
89000000010017,1,88000000010390
89000000010018,1,88000000010011
89000000010019,1,88000000010026
89000000010020,1,88000000010203
89000000010021,1,88000000011405
89000000010022,1,88000000009788
89000000010023,1,88000000010581
89000000010024,1,88000000010955
89000000010025,1,88000000010435
89000000010026,1,88000000010094
89000000010027,1,88000000010166
89000000010028,1,88000000009843
89000000010029,1,88000000009725
89000000010031,1,88000000009960
89000000010032,1,88000000010410
89000000010033,1,88000000009868
89000000010034,1,88000000010001
89000000010035,1,88000000009733
89000000010036,1,88000000007624
89000000010037,1,88000000010293
89000000010038,1,88000000009985
89000000010039,1,88000000010223
89000000010040,1,88000000010247
89000000010041,1,88000000010112
89000000010042,1,88000000012913
89000000010043,1,88000000009909
89000000010044,1,88000000010067
89000000010045,1,88000000010064
89000000010046,1,88000000010046
89000000010047,1,88000000010782
89000000010048,1,88000000010472
89000000010049,1,88000000010080
89000000010050,1,88000000010255
89000000010051,1,88000000008489
89000000010052,1,88000000009691
89000000010053,1,88000000009825
89000000010054,1,88000000010014
89000000010055,1,88000000009849
89000000010056,1,88000000009829
89000000010057,1,88000000010271
89000000010059,1,88000000009804
89000000010060,1,88000000009830
89000000010061,1,88000000009943
89000000010062,1,88000000009752
89000000010063,1,88000000010392
89000000010064,1,88000000010412
89000000010066,1,88000000009930
89000000010067,1,88000000009971
89000000010068,1,88000000009905
89000000010069,1,88000000010503
89000000010070,1,88000000009982
89000000010071,1,88000000014220
89000000010072,1,88000000010307
89000000010073,1,88000000009821
89000000010074,1,88000000010134
89000000010075,1,88000000010190
89000000010076,1,88000000010323
89000000010077,1,88000000010544
89000000010078,1,88000000010334
89000000010079,1,88000000010070
89000000010080,1,88000000010490
89000000010081,1,88000000010371
89000000010082,1,88000000010457
89000000010084,1,88000000010494
89000000010085,1,88000000010405
89000000010086,1,88000000010013
89000000010087,1,88000000009970
89000000010088,1,88000000010389
89000000010090,1,88000000010296
89000000010091,1,88000000010003
89000000010093,1,88000000010159
89000000010094,1,88000000009946
89000000010095,1,88000000010197
89000000010096,1,88000000010056
89000000010098,1,88000000010943
89000000010099,1,88000000010318
89000000010100,1,88000000011670
89000000010102,1,88000000010144
89000000010103,1,88000000010335
89000000010105,1,88000000010178
89000000010106,1,88000000009519
89000000010107,1,88000000010073
89000000010108,1,88000000010260
89000000010109,1,88000000010423
89000000010110,1,88000000009677
89000000010112,1,88000000010720
89000000010113,1,88000000009617
89000000010114,1,88000000010835
89000000010115,1,88000000011243
89000000010116,1,88000000010715
89000000010117,1,88000000010803
89000000010118,1,88000000009885
89000000010119,1,88000000005413
89000000010121,1,88000000010288
89000000010122,1,88000000010342
89000000010123,1,88000000010191
89000000010124,1,88000000010601
89000000010126,1,88000000010460
89000000010127,1,88000000010258
89000000010128,1,88000000010792
89000000010129,1,88000000010290
89000000010130,1,88000000010286
89000000010131,1,88000000010979
89000000010132,1,88000000010311
89000000010133,1,88000000010811
89000000010134,1,88000000011972
89000000010135,1,88000000010336
89000000010136,1,88000000010810
89000000010138,1,88000000010612
89000000010139,1,88000000010480
89000000010140,2,"88000000016603,88000000020824"
89000000010141,1,88000000010176
89000000010142,1,88000000010308
89000000010143,1,88000000010174
89000000010144,1,88000000010104
89000000010145,1,88000000010711
89000000010147,1,88000000009761
89000000010148,1,88000000010321
89000000010149,1,88000000011646
89000000010150,1,88000000009812
89000000010151,1,88000000009963
89000000010152,1,88000000010358
89000000010153,1,88000000015411
89000000010154,1,88000000010201
89000000010155,1,88000000010012
89000000010157,1,88000000010708
89000000010158,1,88000000009613
89000000010159,1,88000000010352
89000000010161,1,88000000011768
89000000010162,1,88000000010462
89000000010163,1,88000000010254
89000000010164,1,88000000010051
89000000010165,1,88000000010071
89000000010166,1,88000000010384
89000000010167,1,88000000010570
89000000010168,1,88000000009348
89000000010170,1,88000000010265
89000000010171,1,88000000011457
89000000010172,1,88000000010209
89000000010173,1,88000000010279
89000000010174,1,88000000009759
89000000010175,1,88000000010729
89000000010176,1,88000000010202
89000000010177,1,88000000010608
89000000010178,1,88000000010138
89000000010179,1,88000000010302
89000000010180,1,88000000010719
89000000010181,1,88000000010226
89000000010182,1,88000000011040
89000000010183,1,88000000008399
89000000010184,1,88000000010498
89000000010185,1,88000000010083
89000000010186,1,88000000010010
89000000010187,1,88000000009529
89000000010188,1,88000000010124
89000000010189,1,88000000010186
89000000010191,1,88000000011393
89000000010193,1,88000000011211
89000000010194,1,88000000010008
89000000010196,1,88000000008871
89000000010197,1,88000000009904
89000000010199,1,88000000010481
89000000010200,1,88000000010524
89000000010202,1,88000000010618
89000000010203,1,88000000009884
89000000010204,1,88000000010157
89000000010205,1,88000000010312
89000000010206,1,88000000010215
89000000010207,1,88000000010325
89000000010208,1,88000000010399
89000000010209,1,88000000009700
89000000010210,1,88000000009902
89000000010212,1,88000000010237
89000000010213,1,88000000010115
89000000010215,1,88000000010563
89000000010216,1,88000000012085
89000000010217,1,88000000010474
89000000010218,1,88000000013082
89000000010219,1,88000000010273
89000000010221,1,88000000010436
89000000010222,1,88000000010637
89000000010223,1,88000000009742
89000000010224,1,88000000010682
89000000010225,1,88000000010477
89000000010226,1,88000000010264
89000000010227,1,88000000010244
89000000010228,1,88000000009978
89000000010229,1,88000000010177
89000000010230,1,88000000010610
89000000010231,1,88000000010432
89000000010232,1,88000000012280
89000000010233,1,88000000010995
89000000010234,1,88000000010411
89000000010235,1,88000000010510
89000000010236,1,88000000010370
89000000010237,1,88000000010589
89000000010238,1,88000000010602
89000000010239,1,88000000010584
89000000010240,1,88000000010422
89000000010241,1,88000000009989
89000000010242,1,88000000010192
89000000010243,1,88000000010420
89000000010244,1,88000000010542
89000000010245,1,88000000010165
89000000010246,1,88000000011089
89000000010247,1,88000000010603
89000000010249,1,88000000010404
89000000010250,1,88000000010113
89000000010251,1,88000000015044
89000000010252,1,88000000010478
89000000010253,1,88000000009841
89000000010254,1,88000000009134
89000000010255,1,88000000010461
89000000010256,1,88000000010538
89000000010257,1,88000000010242
89000000010258,1,88000000010821
89000000010259,1,88000000010772
89000000010260,1,88000000010378
89000000010262,1,88000000009913
89000000010263,1,88000000010234
89000000010264,1,88000000008147
89000000010265,1,88000000011100
89000000010266,1,88000000010425
89000000010267,1,88000000010359
89000000010268,1,88000000010600
89000000010270,1,88000000010898
89000000010271,1,88000000010447
89000000010272,1,88000000011067
89000000010273,1,88000000010101
89000000010274,1,88000000010639
89000000010275,1,88000000009828
89000000010276,1,88000000010567
89000000010277,1,88000000010859
89000000010278,1,88000000010031
89000000010279,1,88000000010726
89000000010280,1,88000000010184
89000000010281,1,88000000010514
89000000010282,1,88000000010021
89000000010283,1,88000000010703
89000000010284,1,88000000010403
89000000010285,1,88000000011883
89000000010286,1,88000000010470
89000000010288,1,88000000010299
89000000010289,1,88000000010372
89000000010290,1,88000000010552
89000000010292,1,88000000010089
89000000010293,1,88000000011025
89000000010294,1,88000000010867
89000000010295,1,88000000011016
89000000010296,1,88000000010315
89000000010297,1,88000000010398
89000000010298,1,88000000010511
89000000010299,1,88000000010519
89000000010300,1,88000000010419
89000000010301,1,88000000010393
89000000010302,1,88000000010525
89000000010303,1,88000000010592
89000000010304,1,88000000010565
89000000010305,1,88000000010786
89000000010307,1,88000000010562
89000000010308,1,88000000010102
89000000010309,1,88000000010942
89000000010310,1,88000000010347
89000000010311,1,88000000007782
89000000010312,1,88000000010369
89000000010314,1,88000000010651
89000000010315,1,88000000011172
89000000010316,1,88000000010575
89000000010317,1,88000000012166
89000000010318,1,88000000010479
89000000010319,1,88000000010468
89000000010320,1,88000000010626
89000000010321,1,88000000010520
89000000010322,1,88000000010183
89000000010323,1,88000000010219
89000000010324,1,88000000010322
89000000010325,1,88000000010285
89000000010326,1,88000000010037
89000000010327,1,88000000010843
89000000010328,1,88000000010078
89000000010329,1,88000000012818
89000000010330,1,88000000010328
89000000010331,1,88000000010966
89000000010332,1,88000000010353
89000000010333,1,88000000010529
89000000010334,1,88000000010139
89000000010335,1,88000000007274
89000000010336,1,88000000010236
89000000010337,1,88000000010442
89000000010338,1,88000000011119
89000000010339,1,88000000008977
89000000010340,1,88000000010535
89000000010341,1,88000000010294
89000000010342,1,88000000008696
89000000010343,1,88000000010141
89000000010347,1,88000000009916
89000000010349,1,88000000010150
89000000010350,1,88000000010545
89000000010351,1,88000000012213
89000000010353,1,88000000010938
89000000010354,1,88000000010617
89000000010355,1,88000000010522
89000000010356,1,88000000010091
89000000010357,1,88000000011046
89000000010358,1,88000000009993
89000000010359,1,88000000010310
89000000010360,1,88000000010185
89000000010361,1,88000000010577
89000000010363,1,88000000010153
89000000010364,1,88000000013800
89000000010366,1,88000000010747
89000000010367,1,88000000010736
89000000010368,1,88000000010829
89000000010369,1,88000000010437
89000000010370,1,88000000010574
89000000010372,1,88000000009556
89000000010373,1,88000000010145
89000000010374,1,88000000010346
89000000010376,1,88000000010822
89000000010378,1,88000000011078
89000000010379,1,88000000010463
89000000010380,1,88000000010309
89000000010381,1,88000000010469
89000000010382,1,88000000010304
89000000010383,1,88000000010433
89000000010385,1,88000000011090
89000000010386,1,88000000009770
89000000010387,1,88000000010408
89000000010388,1,88000000010281
89000000010389,1,88000000010964
89000000010390,1,88000000010531
89000000010392,1,88000000010733
89000000010393,1,88000000010483
89000000010394,1,88000000010798
89000000010395,1,88000000010500
89000000010396,1,88000000010924
89000000010397,1,88000000010482
89000000010398,1,88000000010881
89000000010399,1,88000000009953
89000000010400,1,88000000010518
89000000010401,1,88000000011629
89000000010402,1,88000000011209
89000000010403,1,88000000010350
89000000010404,1,88000000010509
89000000010405,1,88000000010205
89000000010406,1,88000000009471
89000000010407,1,88000000010243
89000000010409,1,88000000011018
89000000010411,1,88000000010401
89000000010412,1,88000000009716
89000000010413,1,88000000010664
89000000010414,1,88000000010596
89000000010416,1,88000000011155
89000000010417,1,88000000010210
89000000010418,1,88000000011364
89000000010419,1,88000000010606
89000000010421,1,88000000010512
89000000010422,1,88000000010886
89000000010424,1,88000000010501
89000000010425,1,88000000010276
89000000010426,1,88000000011939
89000000010427,1,88000000011597
89000000010428,1,88000000010373
89000000010429,1,88000000010839
89000000010430,1,88000000010756
89000000010431,1,88000000010934
89000000010432,1,88000000010151
89000000010433,1,88000000010055
89000000010434,1,88000000010804
89000000010435,1,88000000010725
89000000010436,1,88000000011317
89000000010437,1,88000000011212
89000000010438,1,88000000010773
89000000010440,1,88000000010496
89000000010442,1,88000000009507
89000000010443,1,88000000009629
89000000010444,1,88000000010539
89000000010445,1,88000000010789
89000000010446,1,88000000010499
89000000010447,1,88000000010554
89000000010448,1,88000000010556
89000000010449,1,88000000011526
89000000010450,1,88000000014436
89000000010451,1,88000000009443
89000000010452,1,88000000010305
89000000010453,1,88000000010846
89000000010454,1,88000000011121
89000000010455,1,88000000010580
89000000010456,1,88000000010163
89000000010457,1,88000000010506
89000000010458,1,88000000014032
89000000010459,1,88000000010744
89000000010460,1,88000000010796
89000000010461,1,88000000010669
89000000010462,1,88000000010698
89000000010463,1,88000000010774
89000000010464,1,88000000010362
89000000010465,1,88000000010582
89000000010466,1,88000000010974
89000000010468,1,88000000010558
89000000010469,1,88000000011489
89000000010470,1,88000000011156
89000000010471,1,88000000010917
89000000010472,1,88000000010534
89000000010473,1,88000000010630
89000000010474,1,88000000010283
89000000010475,1,88000000010676
89000000010476,1,88000000010169
89000000010477,1,88000000010507
89000000010478,1,88000000010679
89000000010479,1,88000000009673
89000000010482,1,88000000011572
89000000010483,1,88000000013624
89000000010484,1,88000000010683
89000000010485,1,88000000010760
89000000010486,1,88000000010696
89000000010487,1,88000000010700
89000000010488,1,88000000010845
89000000010489,1,88000000011793
89000000010490,1,88000000010280
89000000010491,1,88000000010121
89000000010492,1,88000000010814
89000000010493,1,88000000010866
89000000010494,1,88000000012500
89000000010495,1,88000000010614
89000000010496,1,88000000009277
89000000010497,1,88000000010998
89000000010498,1,88000000010812
89000000010499,1,88000000016905
89000000010500,1,88000000010710
89000000010501,1,88000000011108
89000000010502,1,88000000011347
89000000010503,1,88000000010415
89000000010504,1,88000000011286
89000000010505,1,88000000010256
89000000010506,1,88000000013307
89000000010508,1,88000000010475
89000000010509,1,88000000010638
89000000010510,1,88000000010160
89000000010511,1,88000000010615
89000000010513,1,88000000011666
89000000010514,1,88000000010532
89000000010515,1,88000000010267
89000000010516,1,88000000010712
89000000010517,1,88000000012411
89000000010518,1,88000000011421
89000000010520,1,88000000011724
89000000010522,1,88000000008114
89000000010523,1,88000000008216
89000000010524,1,88000000010319
89000000010525,1,88000000009756
89000000010526,1,88000000010807
89000000010527,1,88000000010505
89000000010528,1,88000000010784
89000000010529,1,88000000010326
89000000010530,1,88000000010187
89000000010531,1,88000000010752
89000000010532,1,88000000010616
89000000010535,1,88000000010387
89000000010536,1,88000000010028
89000000010537,1,88000000010940
89000000010539,1,88000000009870
89000000010540,1,88000000011047
89000000010541,1,88000000010815
89000000010542,1,88000000009528
89000000010543,1,88000000010566
89000000010545,1,88000000010660
89000000010546,1,88000000010517
89000000010547,1,88000000011188
89000000010548,1,88000000010663
89000000010549,1,88000000011419
89000000010550,1,88000000007302
89000000010551,1,88000000011081
89000000010552,1,88000000010586
89000000010553,1,88000000008326
89000000010555,1,88000000010840
89000000010556,1,88000000010687
89000000010557,1,88000000010297
89000000010558,1,88000000010609
89000000010559,1,88000000013478
89000000010560,1,88000000010504
89000000010561,1,88000000010951
89000000010564,1,88000000010697
89000000010565,1,88000000011105
89000000010566,1,88000000010728
89000000010567,1,88000000010734
89000000010569,1,88000000010841
89000000010571,1,88000000010547
89000000010572,1,88000000011427
89000000010573,1,88000000011290
89000000010574,1,88000000010491
89000000010576,1,88000000011178
89000000010577,1,88000000010120
89000000010578,1,88000000010541
89000000010579,1,88000000009345
89000000010581,1,88000000011199
89000000010582,1,88000000010799
89000000010583,1,88000000010855
89000000010584,1,88000000010771
89000000010585,1,88000000009888
89000000010586,1,88000000010902
89000000010587,1,88000000010768
89000000010588,1,88000000009619
89000000010589,1,88000000010414
89000000010590,1,88000000010872
89000000010591,1,88000000009560
89000000010592,1,88000000011350
89000000010594,1,88000000011140
89000000010595,1,88000000010969
89000000010596,1,88000000012467
89000000010597,1,88000000011403
89000000010598,1,88000000010650
89000000010599,1,88000000011063
89000000010600,1,88000000010847
89000000010601,1,88000000009435
89000000010602,1,88000000011788
89000000010603,1,88000000011129
89000000010604,1,88000000010661
89000000010605,1,88000000009866
89000000010606,1,88000000010443
89000000010607,1,88000000010568
89000000010608,1,88000000011443
89000000010609,1,88000000010818
89000000010610,1,88000000011373
89000000010611,1,88000000011189
89000000010613,1,88000000010794
89000000010615,1,88000000010788
89000000010616,1,88000000010445
89000000010617,1,88000000010956
89000000010618,1,88000000011246
89000000010619,1,88000000010873
89000000010620,1,88000000010892
89000000010621,1,88000000011376
89000000010622,1,88000000013035
89000000010623,1,88000000011495
89000000010624,1,88000000011052
89000000010626,1,88000000017288
89000000010627,1,88000000010388
89000000010629,1,88000000010699
89000000010631,1,88000000010526
89000000010632,1,88000000011877
89000000010633,1,88000000010819
89000000010634,1,88000000010380
89000000010635,1,88000000011301
89000000010636,1,88000000010646
89000000010637,1,88000000010196
89000000010638,1,88000000011915
89000000010639,1,88000000010854
89000000010640,1,88000000010654
89000000010641,1,88000000010624
89000000010642,1,88000000012130
89000000010643,1,88000000011190
89000000010645,1,88000000010344
89000000010646,1,88000000010965
89000000010647,1,88000000010560
89000000010648,1,88000000010907
89000000010649,1,88000000010546
89000000010650,1,88000000010227
89000000010651,1,88000000010923
89000000010652,1,88000000010764
89000000010653,1,88000000010705
89000000010654,1,88000000011252
89000000010655,1,88000000010316
89000000010656,1,88000000010885
89000000010657,1,88000000011550
89000000010658,1,88000000011288
89000000010659,1,88000000010578
89000000010660,1,88000000010677
89000000010661,1,88000000010340
89000000010664,1,88000000010320
89000000010665,1,88000000010875
89000000010666,1,88000000011383
89000000010667,1,88000000010785
89000000010668,1,88000000010914
89000000010669,1,88000000010366
89000000010670,1,88000000010933
89000000010671,1,88000000010571
89000000010672,1,88000000010220
89000000010673,1,88000000011019
89000000010674,1,88000000010587
89000000010675,1,88000000010946
89000000010676,1,88000000011477
89000000010678,1,88000000011022
89000000010679,1,88000000010573
89000000010680,1,88000000010790
89000000010682,1,88000000010971
89000000010683,1,88000000010361
89000000010684,1,88000000010375
89000000010685,1,88000000010039
89000000010686,1,88000000010830
89000000010687,1,88000000011367
89000000010688,1,88000000010732
89000000010689,1,88000000010673
89000000010690,1,88000000010977
89000000010691,1,88000000010635
89000000010692,1,88000000010825
89000000010693,1,88000000011170
89000000010694,1,88000000011066
89000000010695,1,88000000010572
89000000010696,1,88000000010636
89000000010697,1,88000000010905
89000000010699,1,88000000010935
89000000010700,1,88000000011244
89000000010701,1,88000000010282
89000000010702,1,88000000010993
89000000010703,1,88000000010487
89000000010705,1,88000000011128
89000000010706,1,88000000010701
89000000010707,1,88000000010779
89000000010708,1,88000000010870
89000000010709,1,88000000010647
89000000010710,1,88000000011368
89000000010711,1,88000000010537
89000000010712,1,88000000010303
89000000010713,1,88000000010649
89000000010714,1,88000000011397
89000000010715,1,88000000010332
89000000010716,1,88000000011307
89000000010717,1,88000000009521
89000000010718,1,88000000010385
89000000010719,1,88000000010751
89000000010720,1,88000000012957
89000000010721,1,88000000011451
89000000010722,1,88000000010530
89000000010723,1,88000000011165
89000000010724,1,88000000010427
89000000010725,1,88000000010569
89000000010726,1,88000000010331
89000000010727,1,88000000011007
89000000010728,1,88000000010787
89000000010730,1,88000000011037
89000000010731,1,88000000011003
89000000010732,1,88000000011223
89000000010735,1,88000000011380
89000000010736,1,88000000010783
89000000010739,1,88000000010692
89000000010740,1,88000000010716
89000000010741,1,88000000013246
89000000010742,1,88000000011399
89000000010744,1,88000000011084
89000000010745,1,88000000010543
89000000010746,1,88000000009845
89000000010748,1,88000000010769
89000000010749,1,88000000010527
89000000010750,1,88000000011092
89000000010751,1,88000000011205
89000000010753,1,88000000010906
89000000010754,1,88000000011020
89000000010755,1,88000000014001
89000000010756,1,88000000011032
89000000010757,1,88000000010874
89000000010758,1,88000000007308
89000000010759,1,88000000011039
89000000010760,1,88000000011353
89000000010761,1,88000000011369
89000000010762,1,88000000010395
89000000010763,1,88000000010721
89000000010764,1,88000000009514
89000000010765,1,88000000011389
89000000010766,1,88000000011585
89000000010767,1,88000000011198
89000000010768,1,88000000011013
89000000010769,1,88000000010857
89000000010770,1,88000000010904
89000000010771,1,88000000011123
89000000010772,1,88000000011033
89000000010773,1,88000000011054
89000000010774,1,88000000009614
89000000010776,1,88000000012357
89000000010777,1,88000000012667
89000000010778,1,88000000010931
89000000010779,1,88000000012109
89000000010780,1,88000000011031
89000000010781,1,88000000011077
89000000010782,1,88000000011161
89000000010783,1,88000000010982
89000000010785,1,88000000010911
89000000010786,1,88000000011410
89000000010787,1,88000000011080
89000000010788,1,88000000011319
89000000010789,1,88000000010648
89000000010790,1,88000000010813
89000000010791,1,88000000010879
89000000010793,1,88000000010777
89000000010794,1,88000000010368
89000000010795,1,88000000011117
89000000010796,1,88000000010551
89000000010797,1,88000000011462
89000000010798,1,88000000011320
89000000010799,1,88000000011126
89000000010800,1,88000000010634
89000000010801,1,88000000012579
89000000010802,1,88000000011062
89000000010803,1,88000000012050
89000000010804,1,88000000010884
89000000010805,1,88000000011248
89000000010806,1,88000000011354
89000000010807,1,88000000010901
89000000010808,1,88000000011409
89000000010809,1,88000000011023
89000000010810,1,88000000012064
89000000010811,1,88000000010598
89000000010812,1,88000000010607
89000000010813,1,88000000011305
89000000010814,1,88000000011217
89000000010815,1,88000000010004
89000000010816,1,88000000010759
89000000010818,1,88000000011186
89000000010819,1,88000000010967
89000000010820,1,88000000012219
89000000010821,1,88000000010887
89000000010822,1,88000000010823
89000000010823,1,88000000010659
89000000010824,1,88000000010809
89000000010825,1,88000000010865
89000000010826,1,88000000011085
89000000010827,1,88000000011237
89000000010828,1,88000000010755
89000000010829,1,88000000009660
89000000010830,1,88000000010620
89000000010831,1,88000000010723
89000000010832,1,88000000010453
89000000010833,1,88000000011669
89000000010835,1,88000000011483
89000000010836,1,88000000011979
89000000010837,1,88000000010891
89000000010838,1,88000000011064
89000000010839,1,88000000010731
89000000010840,1,88000000011547
89000000010841,1,88000000010564
89000000010842,1,88000000010317
89000000010843,1,88000000011075
89000000010844,1,88000000011104
89000000010845,1,88000000011722
89000000010846,1,88000000011184
89000000010847,1,88000000011087
89000000010848,1,88000000010959
89000000010849,1,88000000010455
89000000010850,1,88000000008492
89000000010851,1,88000000012705
89000000010852,1,88000000010313
89000000010853,1,88000000010588
89000000010854,1,88000000010402
89000000010855,1,88000000011231
89000000010856,1,88000000011154
89000000010857,1,88000000012059
89000000010858,1,88000000010978
89000000010859,1,88000000010730
89000000010860,1,88000000010844
89000000010861,1,88000000011027
89000000010862,1,88000000010828
89000000010863,1,88000000011606
89000000010865,1,88000000010862
89000000010866,1,88000000010877
89000000010867,1,88000000011000
89000000010868,1,88000000011079
89000000010869,1,88000000011169
89000000010870,1,88000000011238
89000000010872,1,88000000010741
89000000010873,1,88000000010629
89000000010875,1,88000000011442
89000000010876,1,88000000011005
89000000010877,1,88000000012035
89000000010879,1,88000000010561
89000000010880,1,88000000009818
89000000010881,1,88000000011197
89000000010882,1,88000000011012
89000000010883,1,88000000010801
89000000010884,1,88000000011036
89000000010885,1,88000000010742
89000000010886,1,88000000009479
89000000010887,1,88000000011116
89000000010888,1,88000000006856
89000000010889,1,88000000011515
89000000010890,1,88000000010939
89000000010891,1,88000000011125
89000000010893,1,88000000011068
89000000010894,1,88000000010722
89000000010895,1,88000000010983
89000000010896,1,88000000010689
89000000010897,1,88000000011484
89000000010899,1,88000000011657
89000000010900,1,88000000010996
89000000010901,1,88000000012257
89000000010903,1,88000000011366
89000000010904,1,88000000010912
89000000010906,1,88000000010737
89000000010908,1,88000000011778
89000000010909,1,88000000010528
89000000010910,1,88000000011004
89000000010911,1,88000000011001
89000000010912,1,88000000011254
89000000010913,1,88000000010976
89000000010914,1,88000000011122
89000000010915,1,88000000010658
89000000010916,1,88000000010878
89000000010917,1,88000000010766
89000000010918,1,88000000011855
89000000010920,1,88000000010724
89000000010922,1,88000000010418
89000000010923,1,88000000010688
89000000010925,1,88000000010593
89000000010926,1,88000000010275
89000000010927,1,88000000011088
89000000010929,1,88000000011166
89000000010930,1,88000000010958
89000000010932,1,88000000010693
89000000010933,1,88000000010497
89000000010934,1,88000000012610
89000000010935,1,88000000010980
89000000010936,1,88000000010988
89000000010937,1,88000000011467
89000000010938,1,88000000010557
89000000010939,1,88000000011492
89000000010940,1,88000000011417
89000000010941,1,88000000010926
89000000010942,1,88000000011057
89000000010943,1,88000000011868
89000000010945,1,88000000011360
89000000010946,1,88000000011149
89000000010947,1,88000000011994
89000000010948,1,88000000012002
89000000010949,1,88000000011465
89000000010950,1,88000000010961
89000000010951,1,88000000011272
89000000010952,1,88000000011180
89000000010953,1,88000000011607
89000000010954,1,88000000012100
89000000010955,1,88000000010678
89000000010956,1,88000000010981
89000000010957,1,88000000011269
89000000010958,1,88000000011446
89000000010959,1,88000000011313
89000000010960,1,88000000011101
89000000010961,1,88000000011098
89000000010962,1,88000000010838
89000000010963,1,88000000010852
89000000010964,1,88000000011387
89000000010965,1,88000000011026
89000000010967,1,88000000010919
89000000010968,1,88000000009570
89000000010970,1,88000000010929
89000000010971,1,88000000011094
89000000010972,1,88000000011048
89000000010973,1,88000000010876
89000000010974,1,88000000012011
89000000010975,1,88000000011132
89000000010976,1,88000000011229
89000000010977,1,88000000010882
89000000010978,1,88000000011981
89000000010979,1,88000000011278
89000000010980,1,88000000010086
89000000010981,1,88000000011349
89000000010982,1,88000000011148
89000000010983,1,88000000010397
89000000010984,1,88000000011082
89000000010985,1,88000000012013
89000000010986,1,88000000010927
89000000010987,1,88000000011652
89000000010988,1,88000000012700
89000000010989,1,88000000010536
89000000010990,1,88000000011138
89000000010991,1,88000000011210
89000000010992,1,88000000012127
89000000010993,1,88000000011029
89000000010994,1,88000000011309
89000000010995,1,88000000012061
89000000010996,1,88000000011424
89000000010997,1,88000000011221
89000000010998,1,88000000016496
89000000010999,1,88000000011283
89000000011000,1,88000000011059
89000000011001,1,88000000010856
89000000011002,1,88000000012026
89000000011003,1,88000000011168
89000000011004,1,88000000011214
89000000011006,1,88000000012624
89000000011007,1,88000000011375
89000000011008,1,88000000010925
89000000011009,1,88000000011115
89000000011010,1,88000000010947
89000000011011,1,88000000012483
89000000011013,1,88000000011157
89000000011014,1,88000000010945
89000000011015,1,88000000011195
89000000011016,1,88000000011183
89000000011017,1,88000000012137
89000000011018,1,88000000011235
89000000011019,1,88000000011051
89000000011020,1,88000000011400
89000000011021,1,88000000011458
89000000011022,1,88000000009427
89000000011023,1,88000000010743
89000000011024,1,88000000011542
89000000011026,1,88000000012244
89000000011027,1,88000000012301
89000000011028,1,88000000010858
89000000011029,1,88000000010367
89000000011030,1,88000000011404
89000000011031,1,88000000011065
89000000011032,1,88000000010991
89000000011033,1,88000000010910
89000000011034,1,88000000011384
89000000011036,1,88000000012395
89000000011037,1,88000000011328
89000000011038,1,88000000010989
89000000011040,1,88000000012812
89000000011041,1,88000000011837
89000000011043,1,88000000011414
89000000011044,1,88000000011228
89000000011045,1,88000000011177
89000000011046,1,88000000010748
89000000011047,1,88000000011518
89000000011048,1,88000000011466
89000000011049,1,88000000011402
89000000011050,1,88000000011097
89000000011051,1,88000000010456
89000000011052,1,88000000010583
89000000011053,1,88000000010717
89000000011054,1,88000000010848
89000000011056,1,88000000009969
89000000011057,1,88000000012939
89000000011058,1,88000000011792
89000000011059,1,88000000011279
89000000011060,1,88000000011285
89000000011061,1,88000000011577
89000000011062,1,88000000012959
89000000011063,1,88000000011185
89000000011064,1,88000000011099
89000000011065,1,88000000009657
89000000011066,1,88000000011534
89000000011067,1,88000000011535
89000000011068,1,88000000011392
89000000011070,1,88000000011569
89000000011071,1,88000000011728
89000000011072,1,88000000009428
89000000011073,1,88000000011124
89000000011074,1,88000000010053
89000000011075,1,88000000011590
89000000011076,1,88000000011532
89000000011077,1,88000000011142
89000000011079,1,88000000011411
89000000011081,1,88000000011714
89000000011083,1,88000000010613
89000000011085,1,88000000011631
89000000011086,1,88000000010645
89000000011087,1,88000000010916
89000000011088,1,88000000011533
89000000011089,1,88000000011786
89000000011090,1,88000000011158
89000000011091,1,88000000010763
89000000011092,1,88000000011747
89000000011093,1,88000000011260
89000000011094,1,88000000011953
89000000011095,1,88000000011528
89000000011096,1,88000000010289
89000000011097,1,88000000011864
89000000011098,1,88000000011337
89000000011099,1,88000000015076
89000000011100,1,88000000010890
89000000011101,1,88000000011096
89000000011102,1,88000000011042
89000000011103,1,88000000011041
89000000011104,1,88000000011398
89000000011105,1,88000000010345
89000000011106,1,88000000011700
89000000011108,1,88000000011218
89000000011109,1,88000000010686
89000000011110,1,88000000011662
89000000011111,1,88000000010413
89000000011112,1,88000000010909
89000000011113,1,88000000010868
89000000011115,1,88000000011073
89000000011116,1,88000000011503
89000000011117,1,88000000011053
89000000011118,1,88000000011164
89000000011119,1,88000000013645
89000000011120,1,88000000011245
89000000011121,1,88000000008298
89000000011122,1,88000000011659
89000000011123,1,88000000011153
89000000011124,1,88000000011299
89000000011126,1,88000000011049
89000000011127,1,88000000010691
89000000011128,1,88000000011160
89000000011129,1,88000000011050
89000000011130,1,88000000015057
89000000011131,1,88000000011624
89000000011132,1,88000000011207
89000000011133,1,88000000011060
89000000011134,1,88000000011266
89000000011135,1,88000000011615
89000000011136,1,88000000011147
89000000011137,1,88000000011829
89000000011138,1,88000000010987
89000000011139,1,88000000010656
89000000011140,1,88000000010595
89000000011141,1,88000000011253
89000000011142,1,88000000012128
89000000011143,1,88000000010212
89000000011144,1,88000000011602
89000000011145,1,88000000010709
89000000011146,1,88000000010188
89000000011147,1,88000000011370
89000000011148,1,88000000011118
89000000011149,1,88000000011707
89000000011150,1,88000000012074
89000000011151,1,88000000011687
89000000011152,1,88000000011357
89000000011153,1,88000000010851
89000000011154,1,88000000011797
89000000011155,1,88000000010880
89000000011156,1,88000000010590
89000000011157,1,88000000010992
89000000011158,1,88000000010975
89000000011159,1,88000000011106
89000000011160,1,88000000010836
89000000011161,1,88000000011474
89000000011162,1,88000000010382
89000000011163,1,88000000011120
89000000011164,1,88000000011812
89000000011165,1,88000000011298
89000000011166,1,88000000011743
89000000011167,1,88000000011795
89000000011168,1,88000000011242
89000000011169,1,88000000011729
89000000011170,1,88000000011598
89000000011171,1,88000000011407
89000000011172,1,88000000011537
89000000011174,1,88000000011143
89000000011175,1,88000000011475
89000000011176,1,88000000011083
89000000011177,1,88000000011667
89000000011178,1,88000000011990
89000000011179,1,88000000011888
89000000011180,1,88000000013647
89000000011182,1,88000000011649
89000000011183,1,88000000011074
89000000011184,1,88000000011423
89000000011185,1,88000000011276
89000000011186,1,88000000011817
89000000011187,1,88000000011628
89000000011188,1,88000000010702
89000000011189,1,88000000011674
89000000011190,1,88000000010042
89000000011191,1,88000000011640
89000000011192,1,88000000011626
89000000011193,1,88000000011208
89000000011195,1,88000000011450
89000000011196,1,88000000011455
89000000011198,1,88000000010125
89000000011199,1,88000000011854
89000000011201,1,88000000011771
89000000011202,1,88000000011302
89000000011203,1,88000000011496
89000000011204,1,88000000011781
89000000011205,1,88000000011351
89000000011206,1,88000000009875
89000000011207,1,88000000011449
89000000011208,1,88000000011608
89000000011209,1,88000000013654
89000000011210,1,88000000011805
89000000011211,1,88000000011845
89000000011212,1,88000000011394
89000000011213,1,88000000011413
89000000011214,1,88000000011295
89000000011215,1,88000000011912
89000000011216,1,88000000011296
89000000011217,1,88000000011611
89000000011218,1,88000000011436
89000000011220,1,88000000011725
89000000011221,1,88000000011431
89000000011222,1,88000000011655
89000000011223,1,88000000010936
89000000011224,1,88000000011265
89000000011225,1,88000000010869
89000000011226,1,88000000012054
89000000011227,1,88000000010750
89000000011228,1,88000000011358
89000000011229,1,88000000010757
89000000011230,1,88000000011321
89000000011232,1,88000000010860
89000000011234,1,88000000011191
89000000011236,1,88000000011825
89000000011237,1,88000000011346
89000000011238,1,88000000011472
89000000011239,1,88000000012160
89000000011240,1,88000000011292
89000000011241,1,88000000011704
89000000011242,1,88000000011112
89000000011243,1,88000000011872
89000000011244,1,88000000010895
89000000011245,1,88000000011899
89000000011246,1,88000000008993
89000000011247,1,88000000011665
89000000011248,1,88000000010628
89000000011249,1,88000000011352
89000000011250,1,88000000011426
89000000011254,1,88000000014823
89000000011255,1,88000000012654
89000000011256,1,88000000012478
89000000011257,1,88000000012009
89000000011258,1,88000000011618
89000000011260,1,88000000011601
89000000011261,1,88000000011262
89000000011262,1,88000000009546
89000000011263,1,88000000011420
89000000011265,1,88000000010740
89000000011266,1,88000000011182
89000000011267,1,88000000011294
89000000011268,1,88000000011340
89000000011270,1,88000000010913
89000000011271,1,88000000011433
89000000011272,1,88000000009929
89000000011273,1,88000000010735
89000000011274,1,88000000011277
89000000011277,1,88000000011332
89000000011279,1,88000000011560
89000000011280,1,88000000010889
89000000011281,1,88000000011941
89000000011283,1,88000000011374
89000000011284,1,88000000011480
89000000011285,1,88000000010922
89000000011286,1,88000000011130
89000000011287,1,88000000011006
89000000011289,1,88000000011315
89000000011290,1,88000000011541
89000000011291,1,88000000011388
89000000011292,1,88000000011464
89000000011293,1,88000000011594
89000000011294,1,88000000011530
89000000011295,1,88000000011504
89000000011296,1,88000000011356
89000000011297,1,88000000010770
89000000011298,1,88000000011139
89000000011300,1,88000000011785
89000000011301,1,88000000011596
89000000011302,1,88000000011181
89000000011303,1,88000000011284
89000000011304,1,88000000010270
89000000011305,1,88000000011519
89000000011306,1,88000000010834
89000000011307,1,88000000011103
89000000011308,1,88000000011203
89000000011309,1,88000000010623
89000000011310,1,88000000011463
89000000011311,1,88000000011241
89000000011312,1,88000000011591
89000000011314,1,88000000012315
89000000011315,1,88000000012444
89000000011316,1,88000000012632
89000000011318,1,88000000012658
89000000011319,1,88000000012571
89000000011320,1,88000000011459
89000000011321,1,88000000011418
89000000011322,1,88000000010407
89000000011323,1,88000000011390
89000000011324,1,88000000013994
89000000011325,1,88000000011616
89000000011326,1,88000000011058
89000000011327,1,88000000011832
89000000011328,1,88000000011239
89000000011329,1,88000000011233
89000000011330,1,88000000011790
89000000011331,1,88000000011259
89000000011332,1,88000000011828
89000000011333,1,88000000011638
89000000011334,1,88000000010990
89000000011335,1,88000000011322
89000000011336,1,88000000011438
89000000011337,1,88000000011773
89000000011338,1,88000000011318
89000000011339,1,88000000011584
89000000011340,1,88000000011055
89000000011344,1,88000000011536
89000000011345,1,88000000011311
89000000011346,1,88000000011668
89000000011347,1,88000000010795
89000000011348,1,88000000010758
89000000011350,1,88000000012268
89000000011351,1,88000000012451
89000000011352,1,88000000011567
89000000011353,1,88000000011216
89000000011355,1,88000000011093
89000000011356,1,88000000012177
89000000011357,1,88000000010984
89000000011358,1,88000000011664
89000000011359,1,88000000011570
89000000011360,1,88000000012101
89000000011361,1,88000000010999
89000000011362,1,88000000012151
89000000011363,1,88000000012636
89000000011364,1,88000000011014
89000000011365,1,88000000010950
89000000011366,1,88000000011135
89000000011368,1,88000000012907
89000000011370,1,88000000011833
89000000011371,1,88000000011851
89000000011373,1,88000000010727
89000000011374,1,88000000010548
89000000011375,1,88000000011045
89000000011376,1,88000000011905
89000000011377,1,88000000011562
89000000011378,1,88000000008406
89000000011380,1,88000000011890
89000000011381,1,88000000011362
89000000011382,1,88000000011508
89000000011383,1,88000000011487
89000000011384,1,88000000011470
89000000011385,1,88000000011478
89000000011386,1,88000000014903
89000000011387,1,88000000010863
89000000011388,1,88000000012274
89000000011389,1,88000000010502
89000000011390,1,88000000011557
89000000011391,1,88000000011176
89000000011392,1,88000000011331
89000000011393,1,88000000011906
89000000011394,1,88000000011600
89000000011395,1,88000000011300
89000000011396,1,88000000012220
89000000011397,1,88000000010972
89000000011398,1,88000000008903
89000000011399,1,88000000011441
89000000011400,1,88000000011579
89000000011401,1,88000000011173
89000000011402,1,88000000011727
89000000011403,1,88000000011363
89000000011404,1,88000000011815
89000000011405,1,88000000011565
89000000011408,1,88000000011804
89000000011409,1,88000000011359
89000000011410,1,88000000011270
89000000011411,1,88000000012157
89000000011412,1,88000000009737
89000000011413,1,88000000012037
89000000011415,1,88000000011934
89000000011416,1,88000000011705
89000000011417,1,88000000011525
89000000011418,1,88000000011874
89000000011419,1,88000000011494
89000000011420,1,88000000011876
89000000011421,1,88000000011043
89000000011422,1,88000000010523
89000000011423,1,88000000011721
89000000011424,1,88000000011015
89000000011425,1,88000000011268
89000000011426,1,88000000011656
89000000011427,1,88000000011571
89000000011428,1,88000000011634
89000000011430,1,88000000011273
89000000011431,1,88000000011920
89000000011432,1,88000000011336
89000000011433,1,88000000011857
89000000011434,1,88000000011681
89000000011435,1,88000000011583
89000000011436,1,88000000010944
89000000011437,1,88000000012094
89000000011440,1,88000000011688
89000000011441,1,88000000011540
89000000011442,1,88000000011551
89000000011443,1,88000000011884
89000000011444,1,88000000011448
89000000011445,1,88000000011879
89000000011446,1,88000000011454
89000000011447,1,88000000015764
89000000011448,1,88000000011757
89000000011451,1,88000000011907
89000000011452,1,88000000014950
89000000011453,1,88000000011813
89000000011454,1,88000000010765
89000000011455,1,88000000011505
89000000011460,1,88000000011622
89000000011461,1,88000000013795
89000000011462,1,88000000011735
89000000011463,1,88000000012742
89000000011464,1,88000000009939
89000000011465,1,88000000012056
89000000011467,1,88000000012428
89000000011468,1,88000000013422
89000000011469,1,88000000011548
89000000011470,1,88000000012786
89000000011471,1,88000000010820
89000000011472,1,88000000011498
89000000011473,1,88000000011274
89000000011476,1,88000000012576
89000000011477,1,88000000011636
89000000011478,1,88000000012073
89000000011479,1,88000000013094
89000000011480,1,88000000010893
89000000011481,1,88000000007613
89000000011482,1,88000000011921
89000000011483,1,88000000011672
89000000011484,1,88000000011749
89000000011485,1,88000000013489
89000000011486,1,88000000011744
89000000011487,1,88000000011840
89000000011489,1,88000000011772
89000000011490,1,88000000011520
89000000011491,1,88000000011391
89000000011492,1,88000000011395
89000000011493,1,88000000012348
89000000011494,1,88000000011558
89000000011495,1,88000000011605
89000000011496,1,88000000011838
89000000011497,1,88000000011167
89000000011498,1,88000000010718
89000000011499,1,88000000011711
89000000011500,1,88000000011256
89000000011501,1,88000000011632
89000000011502,1,88000000011044
89000000011503,1,88000000010259
89000000011505,1,88000000011378
89000000011506,1,88000000011303
89000000011507,1,88000000011372
89000000011508,1,88000000013229
89000000011510,1,88000000011694
89000000011511,1,88000000011386
89000000011512,1,88000000011289
89000000011513,1,88000000012095
89000000011514,1,88000000013788
89000000011515,1,88000000011141
89000000011516,1,88000000011635
89000000011517,1,88000000011552
89000000011518,1,88000000011967
89000000011519,1,88000000010791
89000000011520,1,88000000011333
89000000011521,1,88000000012150
89000000011522,1,88000000011061
89000000011524,1,88000000012158
89000000011526,1,88000000011904
89000000011527,1,88000000011644
89000000011528,1,88000000011617
89000000011529,1,88000000012134
89000000011530,1,88000000011406
89000000011531,1,88000000011726
89000000011532,1,88000000011767
89000000011533,1,88000000014489
89000000011534,1,88000000011171
89000000011536,1,88000000012058
89000000011537,1,88000000012313
89000000011538,1,88000000012265
89000000011539,1,88000000011871
89000000011540,1,88000000011764
89000000011541,1,88000000011010
89000000011542,1,88000000011651
89000000011543,1,88000000011174
89000000011544,1,88000000010694
89000000011545,1,88000000012745
89000000011546,1,88000000012288
89000000011547,1,88000000012717
89000000011548,1,88000000011102
89000000011549,1,88000000012374
89000000011550,1,88000000011643
89000000011551,1,88000000012316
89000000011552,1,88000000011491
89000000011553,1,88000000012143
89000000011554,1,88000000011473
89000000011555,1,88000000012252
89000000011556,1,88000000011811
89000000011557,1,88000000011762
89000000011558,1,88000000012988
89000000011559,1,88000000011553
89000000011560,1,88000000011114
89000000011561,1,88000000009434
89000000011562,1,88000000011818
89000000011563,1,88000000014247
89000000011564,1,88000000011500
89000000011566,1,88000000012354
89000000011567,1,88000000011264
89000000011568,1,88000000011261
89000000011569,1,88000000011776
89000000011570,1,88000000011820
89000000011571,1,88000000010800
89000000011572,1,88000000011586
89000000011574,1,88000000011869
89000000011575,1,88000000011966
89000000011576,1,88000000011712
89000000011577,1,88000000011685
89000000011578,1,88000000012425
89000000011579,1,88000000012097
89000000011580,1,88000000011849
89000000011581,1,88000000011335
89000000011582,1,88000000010655
89000000011583,1,88000000011511
89000000011584,1,88000000011502
89000000011585,1,88000000011875
89000000011586,1,88000000012848
89000000011587,1,88000000011488
89000000011588,1,88000000012005
89000000011590,1,88000000011639
89000000011591,1,88000000012174
89000000011592,1,88000000011799
89000000011593,1,88000000011545
89000000011594,1,88000000011847
89000000011595,1,88000000011962
89000000011596,1,88000000011232
89000000011597,1,88000000012512
89000000011599,1,88000000009747
89000000011600,1,88000000012427
89000000011601,1,88000000012318
89000000011602,1,88000000011831
89000000011603,1,88000000011468
89000000011604,1,88000000010082
89000000011605,1,88000000011111
89000000011606,1,88000000011453
89000000011607,1,88000000011361
89000000011608,1,88000000011429
89000000011609,1,88000000011894
89000000011610,1,88000000011437
89000000011611,1,88000000013102
89000000011612,1,88000000011958
89000000011613,1,88000000011523
89000000011614,1,88000000014278
89000000011615,1,88000000012622
89000000011616,1,88000000011069
89000000011617,1,88000000012838
89000000011618,1,88000000015991
89000000011619,1,88000000011715
89000000011620,1,88000000013873
89000000011621,1,88000000013024
89000000011622,1,88000000011633
89000000011623,1,88000000011385
89000000011624,1,88000000016952
89000000011625,1,88000000011447
89000000011626,1,88000000010833
89000000011628,1,88000000011445
89000000011629,1,88000000011310
89000000011630,1,88000000011679
89000000011631,1,88000000011582
89000000011632,1,88000000011686
89000000011634,1,88000000012030
89000000011635,1,88000000011379
89000000011636,1,88000000011469
89000000011637,1,88000000011471
89000000011638,1,88000000011756
89000000011639,1,88000000011765
89000000011641,1,88000000011482
89000000011645,1,88000000011918
89000000011646,1,88000000012082
89000000011647,1,88000000010900
89000000011648,1,88000000011282
89000000011650,1,88000000016205
89000000011651,1,88000000012138
89000000011653,1,88000000011697
89000000011654,1,88000000011951
89000000011655,1,88000000011827
89000000011656,1,88000000011691
89000000011657,1,88000000011517
89000000011658,1,88000000011903
89000000011659,1,88000000010680
89000000011660,1,88000000011658
89000000011662,1,88000000011568
89000000011663,1,88000000011730
89000000011664,1,88000000011710
89000000011665,1,88000000011589
89000000011666,1,88000000011819
89000000011668,1,88000000011745
89000000011669,1,88000000014478
89000000011670,1,88000000011563
89000000011671,1,88000000011709
89000000011672,1,88000000011823
89000000011673,1,88000000011878
89000000011675,1,88000000012045
89000000011676,1,88000000012310
89000000011677,1,88000000011619
89000000011678,1,88000000011873
89000000011679,1,88000000011038
89000000011680,1,88000000012917
89000000011681,1,88000000012041
89000000011682,1,88000000011592
89000000011683,1,88000000012155
89000000011684,1,88000000012569
89000000011685,1,88000000012209
89000000011686,1,88000000011993
89000000011687,1,88000000011485
89000000011688,1,88000000012659
89000000011689,1,88000000012782
89000000011690,1,88000000011739
89000000011691,1,88000000011493
89000000011692,1,88000000011603
89000000011693,1,88000000011610
89000000011694,1,88000000012132
89000000011696,1,88000000009861
89000000011697,1,88000000019008
89000000011698,1,88000000012503
89000000011699,1,88000000010985
89000000011700,1,88000000011862
89000000011701,1,88000000011706
89000000011702,1,88000000011581
89000000011703,1,88000000012069
89000000011704,1,88000000012044
89000000011705,1,88000000011954
89000000011706,1,88000000011782
89000000011707,1,88000000011692
89000000011709,1,88000000011642
89000000011710,1,88000000012004
89000000011711,1,88000000011091
89000000011712,1,88000000012033
89000000011713,1,88000000011107
89000000011715,1,88000000011698
89000000011716,1,88000000011809
89000000011717,1,88000000012170
89000000011719,1,88000000011430
89000000011720,1,88000000010827
89000000011722,1,88000000012300
89000000011723,1,88000000011609
89000000011724,1,88000000011432
89000000011725,1,88000000012105
89000000011726,1,88000000012118
89000000011727,1,88000000011334
89000000011728,1,88000000012136
89000000011729,1,88000000011576
89000000011730,1,88000000012905
89000000011731,1,88000000011578
89000000011732,1,88000000011733
89000000011733,1,88000000011522
89000000011734,1,88000000010761
89000000011735,1,88000000008335
89000000011736,1,88000000011227
89000000011737,1,88000000012826
89000000011738,1,88000000010391
89000000011739,1,88000000011848
89000000011740,1,88000000011574
89000000011741,1,88000000014039
89000000011743,1,88000000011312
89000000011744,1,88000000011699
89000000011745,1,88000000012145
89000000011746,1,88000000011620
89000000011747,1,88000000011716
89000000011748,1,88000000011896
89000000011749,1,88000000011843
89000000011750,1,88000000013374
89000000011751,1,88000000011509
89000000011752,1,88000000011086
89000000011753,1,88000000012222
89000000011754,1,88000000011779
89000000011755,1,88000000011802
89000000011756,1,88000000011965
89000000011757,1,88000000012205
89000000011758,1,88000000011974
89000000011760,1,88000000012362
89000000011762,1,88000000011977
89000000011763,1,88000000012149
89000000011764,1,88000000005586
89000000011765,1,88000000011604
89000000011766,1,88000000012141
89000000011767,1,88000000012450
89000000011768,1,88000000011689
89000000011769,1,88000000012403
89000000011770,1,88000000011134
89000000011771,1,88000000011898
89000000011772,1,88000000013013
89000000011773,1,88000000011766
89000000011774,1,88000000012147
89000000011775,1,88000000011559
89000000011776,1,88000000011927
89000000011777,1,88000000011630
89000000011778,1,88000000010643
89000000011779,1,88000000008465
89000000011780,1,88000000019558
89000000011781,1,88000000012023
89000000011782,1,88000000011623
89000000011784,1,88000000012341
89000000011785,1,88000000012062
89000000011786,1,88000000011675
89000000011787,1,88000000011575
89000000011788,1,88000000011774
89000000011790,1,88000000011660
89000000011791,1,88000000011834
89000000011792,1,88000000012202
89000000011793,1,88000000011824
89000000011794,1,88000000012076
89000000011796,1,88000000012811
89000000011797,1,88000000010594
89000000011798,1,88000000011695
89000000011799,1,88000000011998
89000000011801,1,88000000011931
89000000011802,1,88000000011291
89000000011803,1,88000000011751
89000000011804,1,88000000012449
89000000011805,1,88000000011736
89000000011806,1,88000000011866
89000000011807,1,88000000012012
89000000011808,1,88000000011701
89000000011809,1,88000000011348
89000000011810,1,88000000010957
89000000011811,1,88000000011718
89000000011812,1,88000000011881
89000000011813,1,88000000011923
89000000011814,1,88000000011942
89000000011815,1,88000000011769
89000000011816,1,88000000011381
89000000011817,1,88000000011943
89000000011818,1,88000000010464
89000000011819,1,88000000011486
89000000011820,1,88000000012336
89000000011821,1,88000000011750
89000000011822,1,88000000011858
89000000011823,1,88000000011803
89000000011824,1,88000000011839
89000000011825,1,88000000011255
89000000011827,1,88000000012187
89000000011828,1,88000000011964
89000000011830,1,88000000012183
89000000011831,1,88000000012182
89000000011832,1,88000000012120
89000000011833,1,88000000012580
89000000011835,1,88000000012096
89000000011836,1,88000000011814
89000000011837,1,88000000012953
89000000011838,1,88000000012043
89000000011839,1,88000000011933
89000000011840,1,88000000011011
89000000011841,1,88000000011996
89000000011842,1,88000000011842
89000000011846,1,88000000012384
89000000011847,1,88000000011850
89000000011848,1,88000000011853
89000000011850,1,88000000010217
89000000011851,1,88000000012394
89000000011852,1,88000000012126
89000000011853,1,88000000013342
89000000011854,1,88000000012173
89000000011856,1,88000000012259
89000000011857,1,88000000011938
89000000011858,1,88000000012007
89000000011859,1,88000000010861
89000000011860,1,88000000011925
89000000011861,1,88000000011821
89000000011862,1,88000000012215
89000000011863,1,88000000011982
89000000011864,1,88000000012029
89000000011865,1,88000000012743
89000000011866,1,88000000012534
89000000011867,1,88000000010930
89000000011868,1,88000000012865
89000000011869,1,88000000012016
89000000011870,1,88000000013302
89000000011871,1,88000000011708
89000000011872,1,88000000011902
89000000011873,1,88000000011887
89000000011874,1,88000000011983
89000000011876,1,88000000013259
89000000011878,1,88000000011159
89000000011879,1,88000000012302
89000000011880,1,88000000012841
89000000011882,1,88000000010674
89000000011883,1,88000000013527
89000000011884,1,88000000011684
89000000011885,1,88000000012856
89000000011886,1,88000000013115
89000000011888,1,88000000013019
89000000011890,1,88000000012180
89000000011891,1,88000000012114
89000000011892,1,88000000012238
89000000011893,1,88000000014693
89000000011894,1,88000000010619
89000000011895,1,88000000013160
89000000011896,1,88000000012426
89000000011897,1,88000000012248
89000000011898,1,88000000011293
89000000011899,1,88000000013518
89000000011900,1,88000000012178
89000000011901,1,88000000012897
89000000011902,1,88000000016242
89000000011903,1,88000000012557
89000000011905,1,88000000012164
89000000011907,1,88000000012104
89000000011908,1,88000000013870
89000000011909,1,88000000012330
89000000011910,1,88000000012266
89000000011911,1,88000000011507
89000000011912,1,88000000012142
89000000011913,1,88000000011770
89000000011914,1,88000000012977
89000000011915,1,88000000011926
89000000011916,1,88000000011415
89000000011917,1,88000000012208
89000000011918,1,88000000011696
89000000011919,1,88000000012025
89000000011920,1,88000000012070
89000000011921,1,88000000010277
89000000011922,1,88000000012181
89000000011923,1,88000000014915
89000000011924,1,88000000012359
89000000011925,1,88000000012119
89000000011926,1,88000000012630
89000000011927,1,88000000012018
89000000011928,1,88000000011133
89000000011929,1,88000000011742
89000000011930,1,88000000009182
89000000011931,1,88000000012086
89000000011933,1,88000000012139
89000000011934,1,88000000011886
89000000011935,1,88000000011095
89000000011936,1,88000000011753
89000000011937,1,88000000011740
89000000011938,1,88000000011913
89000000011940,1,88000000012217
89000000011942,1,88000000011867
89000000011943,1,88000000012962
89000000011944,1,88000000012674
89000000011945,1,88000000011860
89000000011946,1,88000000012010
89000000011947,1,88000000011202
89000000011948,1,88000000011961
89000000011949,1,88000000012820
89000000011950,1,88000000012046
89000000011951,1,88000000012355
89000000011952,1,88000000011723
89000000011954,1,88000000010695
89000000011955,1,88000000013018
89000000011956,1,88000000011917
89000000011957,1,88000000011076
89000000011958,1,88000000012083
89000000011959,1,88000000011201
89000000011960,1,88000000012644
89000000011961,1,88000000013008
89000000011962,1,88000000012154
89000000011963,1,88000000012247
89000000011964,1,88000000010954
89000000011966,1,88000000013315
89000000011967,1,88000000012144
89000000011968,1,88000000011988
89000000011969,1,88000000010793
89000000011970,1,88000000012416
89000000011971,1,88000000012148
89000000011972,1,88000000012487
89000000011974,1,88000000011830
89000000011975,1,88000000012325
89000000011976,1,88000000004746
89000000011977,1,88000000011236
89000000011978,1,88000000011549
89000000011980,1,88000000011693
89000000011981,1,88000000011989
89000000011982,1,88000000012169
89000000011983,1,88000000012431
89000000011986,1,88000000012639
89000000011987,1,88000000012031
89000000011988,1,88000000013182
89000000011989,1,88000000012195
89000000011990,1,88000000013692
89000000011991,1,88000000011499
89000000011992,1,88000000008737
89000000011993,1,88000000012077
89000000011995,1,88000000011422
89000000011996,1,88000000011748
89000000011997,1,88000000012256
89000000011998,1,88000000012883
89000000011999,1,88000000014656
89000000012000,1,88000000012240
89000000012001,1,88000000012332
89000000012002,1,88000000012201
89000000012003,1,88000000012194
89000000012004,1,88000000012289
89000000012005,1,88000000011997
89000000012006,1,88000000009491
89000000012007,1,88000000012612
89000000012008,1,88000000012367
89000000012009,1,88000000011506
89000000012011,1,88000000012232
89000000012012,1,88000000012117
89000000012013,1,88000000012153
89000000012014,1,88000000012393
89000000012015,1,88000000012052
89000000012016,1,88000000012089
89000000012017,1,88000000012001
89000000012018,1,88000000012278
89000000012019,1,88000000011329
89000000012020,1,88000000010832
89000000012021,1,88000000012200
89000000012022,1,88000000012519
89000000012023,1,88000000013945
89000000012024,1,88000000012404
89000000012027,1,88000000011732
89000000012029,1,88000000012447
89000000012030,1,88000000011671
89000000012031,1,88000000012345
89000000012032,1,88000000011538
89000000012033,1,88000000011992
89000000012034,1,88000000012363
89000000012035,1,88000000012146
89000000012036,1,88000000012133
89000000012037,1,88000000012369
89000000012038,1,88000000012567
89000000012041,1,88000000012481
89000000012042,1,88000000012380
89000000012043,1,88000000011193
89000000012044,1,88000000012340
89000000012045,1,88000000012060
89000000012046,1,88000000012533
89000000012047,1,88000000012432
89000000012048,1,88000000009779
89000000012049,1,88000000012638
89000000012050,1,88000000012071
89000000012051,1,88000000012551
89000000012052,1,88000000012344
89000000012053,1,88000000012272
89000000012054,1,88000000013225
89000000012055,1,88000000012880
89000000012056,1,88000000012915
89000000012057,1,88000000011893
89000000012058,1,88000000012455
89000000012060,1,88000000011460
89000000012061,1,88000000012250
89000000012062,1,88000000013218
89000000012063,1,88000000012831
89000000012064,1,88000000010754
89000000012065,1,88000000011324
89000000012066,1,88000000012685
89000000012068,1,88000000012854
89000000012069,1,88000000012122
89000000012070,1,88000000013401
89000000012071,1,88000000011513
89000000012072,1,88000000012780
89000000012073,1,88000000012919
89000000012074,1,88000000011759
89000000012075,1,88000000011760
89000000012077,1,88000000012475
89000000012078,1,88000000011752
89000000012079,1,88000000011900
89000000012080,1,88000000012462
89000000012081,1,88000000013255
89000000012082,1,88000000012496
89000000012083,1,88000000011955
89000000012084,1,88000000011412
89000000012085,1,88000000012862
89000000012086,1,88000000012264
89000000012087,1,88000000012321
89000000012088,1,88000000014274
89000000012089,1,88000000011928
89000000012090,1,88000000012110
89000000012091,1,88000000012695
89000000012094,1,88000000012337
89000000012095,1,88000000012435
89000000012096,1,88000000011856
89000000012097,1,88000000008502
89000000012098,1,88000000012420
89000000012099,1,88000000012322
89000000012102,1,88000000011916
89000000012103,1,88000000012430
89000000012104,1,88000000012335
89000000012105,1,88000000013598
89000000012106,1,88000000012102
89000000012107,1,88000000012887
89000000012108,1,88000000011200
89000000012109,1,88000000012079
89000000012110,1,88000000012113
89000000012112,1,88000000012333
89000000012113,1,88000000012049
89000000012115,1,88000000012392
89000000012116,1,88000000011546
89000000012117,1,88000000012356
89000000012118,1,88000000012161
89000000012119,1,88000000012719
89000000012120,1,88000000010713
89000000012122,1,88000000015465
89000000012123,1,88000000011986
89000000012124,1,88000000012460
89000000012125,1,88000000011647
89000000012126,1,88000000012514
89000000012127,1,88000000012163
89000000012128,1,88000000011543
89000000012129,1,88000000011971
89000000012130,1,88000000011985
89000000012131,1,88000000013682
89000000012132,1,88000000012206
89000000012133,1,88000000012746
89000000012134,1,88000000013178
89000000012136,1,88000000012501
89000000012137,1,88000000012375
89000000012138,1,88000000012351
89000000012139,1,88000000013406
89000000012140,1,88000000012410
89000000012141,1,88000000013278
89000000012142,1,88000000012784
89000000012143,1,88000000013053
89000000012144,1,88000000012675
89000000012145,1,88000000012751
89000000012146,1,88000000012218
89000000012147,1,88000000012509
89000000012148,1,88000000012954
89000000012149,1,88000000012564
89000000012150,1,88000000012075
89000000012151,1,88000000014167
89000000012152,1,88000000012098
89000000012153,1,88000000012373
89000000012154,1,88000000013857
89000000012155,1,88000000016591
89000000012156,1,88000000009280
89000000012157,1,88000000012489
89000000012158,1,88000000012935
89000000012159,1,88000000012281
89000000012160,1,88000000012626
89000000012161,1,88000000011909
89000000012162,1,88000000012286
89000000012163,1,88000000011382
89000000012164,1,88000000011970
89000000012165,1,88000000012493
89000000012166,1,88000000012645
89000000012168,1,88000000012965
89000000012169,1,88000000013360
89000000012170,1,88000000012724
89000000012171,1,88000000011836
89000000012173,1,88000000013059
89000000012174,1,88000000012038
89000000012175,1,88000000012541
89000000012176,1,88000000012028
89000000012177,1,88000000012276
89000000012178,1,88000000012572
89000000012179,1,88000000012901
89000000012180,1,88000000011555
89000000012181,1,88000000013030
89000000012182,1,88000000012246
89000000012183,1,88000000012162
89000000012184,1,88000000012582
89000000012185,1,88000000012669
89000000012186,1,88000000012423
89000000012188,1,88000000012652
89000000012189,1,88000000011127
89000000012190,1,88000000019075
89000000012191,1,88000000014328
89000000012194,1,88000000012975
89000000012195,1,88000000012911
89000000012197,1,88000000011969
89000000012198,1,88000000012366
89000000012200,1,88000000012191
89000000012201,1,88000000012725
89000000012202,1,88000000011561
89000000012203,1,88000000012783
89000000012204,1,88000000012039
89000000012205,1,88000000012103
89000000012206,1,88000000012196
89000000012207,1,88000000012994
89000000012208,1,88000000012607
89000000012209,1,88000000012231
89000000012210,1,88000000012723
89000000012211,1,88000000013063
89000000012213,1,88000000012293
89000000012214,1,88000000013234
89000000012215,1,88000000012524
89000000012216,1,88000000011783
89000000012217,1,88000000014474
89000000012218,1,88000000012896
89000000012219,1,88000000012643
89000000012220,1,88000000012388
89000000012221,1,88000000012414
89000000012222,1,88000000012199
89000000012223,1,88000000012063
89000000012224,1,88000000012239
89000000012225,1,88000000012591
89000000012226,1,88000000012711
89000000012227,1,88000000006606
89000000012228,1,88000000015448
89000000012229,1,88000000012535
89000000012230,1,88000000013005
89000000012231,1,88000000012730
89000000012232,1,88000000012477
89000000012233,1,88000000012224
89000000012234,1,88000000012319
89000000012235,1,88000000012944
89000000012236,1,88000000012982
89000000012237,1,88000000013321
89000000012238,1,88000000012817
89000000012239,1,88000000011497
89000000012240,1,88000000009867
89000000012241,1,88000000012328
89000000012245,1,88000000013564
89000000012246,1,88000000012407
89000000012248,1,88000000011911
89000000012249,1,88000000012343
89000000012250,1,88000000011702
89000000012252,1,88000000012828
89000000012254,1,88000000012480
89000000012255,1,88000000012108
89000000012256,1,88000000012349
89000000012257,1,88000000013785
89000000012258,1,88000000012577
89000000012260,1,88000000011948
89000000012261,1,88000000012171
89000000012262,1,88000000012971
89000000012263,1,88000000011950
89000000012264,1,88000000012539
89000000012265,1,88000000013952
89000000012266,1,88000000012829
89000000012267,1,88000000014574
89000000012268,1,88000000014092
89000000012269,1,88000000012491
89000000012270,1,88000000012112
89000000012271,1,88000000012406
89000000012274,1,88000000012440
89000000012275,1,88000000013044
89000000012277,1,88000000012379
89000000012278,1,88000000012889
89000000012279,1,88000000012542
89000000012280,1,88000000012637
89000000012281,1,88000000011595
89000000012283,1,88000000012214
89000000012284,1,88000000010576
89000000012285,1,88000000012550
89000000012286,1,88000000011719
89000000012287,1,88000000012850
89000000012288,1,88000000012605
89000000012289,1,88000000012566
89000000012290,1,88000000012229
89000000012291,1,88000000012185
89000000012292,1,88000000012382
89000000012293,1,88000000012819
89000000012294,1,88000000012290
89000000012295,1,88000000011690
89000000012296,1,88000000012439
89000000012297,1,88000000012843
89000000012298,1,88000000012593
89000000012299,1,88000000012295
89000000012300,1,88000000012245
89000000012302,1,88000000012352
89000000012303,1,88000000012401
89000000012304,1,88000000011325
89000000012305,1,88000000012305
89000000012306,1,88000000012604
89000000012307,1,88000000012383
89000000012308,1,88000000012389
89000000012309,1,88000000012546
89000000012310,1,88000000012258
89000000012311,1,88000000012932
89000000012312,1,88000000010921
89000000012313,1,88000000012386
89000000012314,1,88000000012590
89000000012315,1,88000000012794
89000000012316,1,88000000012703
89000000012317,1,88000000012544
89000000012319,1,88000000012438
89000000012320,1,88000000015407
89000000012321,1,88000000012749
89000000012322,1,88000000011924
89000000012323,1,88000000012372
89000000012324,1,88000000011194
89000000012325,1,88000000010040
89000000012326,1,88000000012641
89000000012327,1,88000000012129
89000000012328,1,88000000011680
89000000012329,1,88000000012736
89000000012331,1,88000000012434
89000000012332,1,88000000009924
89000000012333,1,88000000012925
89000000012334,1,88000000008909
89000000012335,1,88000000013045
89000000012336,1,88000000012207
89000000012337,1,88000000012378
89000000012338,1,88000000012845
89000000012339,1,88000000013836
89000000012340,1,88000000012619
89000000012341,1,88000000012532
89000000012342,1,88000000012814
89000000012343,1,88000000012538
89000000012344,1,88000000013622
89000000012345,1,88000000012396
89000000012346,1,88000000012296
89000000012348,1,88000000012558
89000000012349,1,88000000012339
89000000012350,1,88000000010781
89000000012351,1,88000000012553
89000000012352,1,88000000012741
89000000012353,1,88000000013550
89000000012354,1,88000000012263
89000000012357,1,88000000012474
89000000012358,1,88000000013333
89000000012359,1,88000000012651
89000000012360,1,88000000012036
89000000012361,1,88000000013947
89000000012362,1,88000000011892
89000000012363,1,88000000012413
89000000012364,1,88000000012448
89000000012365,1,88000000012726
89000000012366,1,88000000013038
89000000012367,1,88000000013217
89000000012368,1,88000000012422
89000000012369,1,88000000012279
89000000012370,1,88000000012712
89000000012371,1,88000000012767
89000000012374,1,88000000011944
89000000012375,1,88000000012676
89000000012376,1,88000000011030
89000000012377,1,88000000012870
89000000012378,1,88000000012022
89000000012379,1,88000000012525
89000000012380,1,88000000012877
89000000012381,1,88000000012543
89000000012382,1,88000000011822
89000000012383,1,88000000012479
89000000012385,1,88000000012968
89000000012387,1,88000000012211
89000000012388,1,88000000012617
89000000012389,1,88000000012212
89000000012390,1,88000000012914
89000000012391,1,88000000012663
89000000012392,1,88000000012672
89000000012393,1,88000000012581
89000000012394,1,88000000013345
89000000012396,1,88000000012287
89000000012397,1,88000000012093
89000000012399,1,88000000013188
89000000012400,1,88000000013009
89000000012401,1,88000000012960
89000000012402,1,88000000012824
89000000012403,1,88000000012298
89000000012404,1,88000000012892
89000000012405,1,88000000012468
89000000012406,1,88000000013621
89000000012407,1,88000000012377
89000000012408,1,88000000011072
89000000012409,1,88000000013172
89000000012410,1,88000000012320
89000000012411,1,88000000012308
89000000012412,1,88000000013239
89000000012413,1,88000000014453
89000000012414,1,88000000012666
89000000012415,1,88000000012019
89000000012416,1,88000000012465
89000000012418,1,88000000012092
89000000012419,1,88000000013029
89000000012421,1,88000000011187
89000000012422,1,88000000013723
89000000012423,1,88000000012839
89000000012424,1,88000000012682
89000000012425,1,88000000012065
89000000012427,1,88000000011342
89000000012428,1,88000000011713
89000000012429,1,88000000013135
89000000012430,1,88000000012834
89000000012431,1,88000000012562
89000000012432,1,88000000011800
89000000012433,1,88000000012445
89000000012434,1,88000000011949
89000000012435,1,88000000012699
89000000012436,1,88000000012116
89000000012437,1,88000000012466
89000000012439,1,88000000014237
89000000012440,1,88000000012625
89000000012441,1,88000000013503
89000000012442,1,88000000012192
89000000012443,1,88000000012899
89000000012445,1,88000000012494
89000000012446,1,88000000013441
89000000012448,1,88000000012184
89000000012449,1,88000000010775
89000000012450,1,88000000012528
89000000012451,1,88000000012606
89000000012452,1,88000000012555
89000000012453,1,88000000012860
89000000012454,1,88000000012575
89000000012455,1,88000000012801
89000000012456,1,88000000012424
89000000012458,1,88000000012559
89000000012459,1,88000000012642
89000000012461,1,88000000013245
89000000012462,1,88000000012800
89000000012463,1,88000000012024
89000000012464,1,88000000013528
89000000012465,1,88000000013209
89000000012466,1,88000000012589
89000000012467,1,88000000013179
89000000012468,1,88000000013017
89000000012469,1,88000000016791
89000000012470,1,88000000013355
89000000012471,1,88000000013176
89000000012472,1,88000000010493
89000000012473,1,88000000012243
89000000012474,1,88000000010349
89000000012475,1,88000000012486
89000000012476,1,88000000013383
89000000012477,1,88000000012255
89000000012478,1,88000000012832
89000000012479,1,88000000014787
89000000012480,1,88000000013430
89000000012482,1,88000000012684
89000000012483,1,88000000012282
89000000012485,1,88000000012068
89000000012486,1,88000000013047
89000000012487,1,88000000010555
89000000012488,1,88000000012894
89000000012489,1,88000000012371
89000000012490,1,88000000012938
89000000012491,1,88000000012135
89000000012492,1,88000000012931
89000000012493,1,88000000012303
89000000012495,1,88000000012728
89000000012496,1,88000000012476
89000000012497,1,88000000012650
89000000012498,1,88000000012260
89000000012499,1,88000000012616
89000000012501,1,88000000012687
89000000012502,1,88000000012419
89000000012503,1,88000000013306
89000000012504,1,88000000013925
89000000012505,1,88000000012706
89000000012506,1,88000000012603
89000000012508,1,88000000012629
89000000012510,1,88000000012233
89000000012511,1,88000000011599
89000000012512,1,88000000012592
89000000012513,1,88000000014016
89000000012514,1,88000000012777
89000000012515,1,88000000012292
89000000012516,1,88000000012657
89000000012517,1,88000000012720
89000000012520,1,88000000011908
89000000012521,1,88000000012815
89000000012522,1,88000000015075
89000000012523,1,88000000013670
89000000012524,1,88000000012773
89000000012525,1,88000000012836
89000000012526,1,88000000012376
89000000012528,1,88000000012342
89000000012529,1,88000000012405
89000000012530,1,88000000013605
89000000012531,1,88000000013221
89000000012532,1,88000000013965
89000000012533,1,88000000013056
89000000012534,1,88000000012107
89000000012535,1,88000000012697
89000000012536,1,88000000016705
89000000012537,1,88000000011959
89000000012538,1,88000000012737
89000000012539,1,88000000012204
89000000012540,1,88000000013060
89000000012542,1,88000000013273
89000000012543,1,88000000013574
89000000012544,1,88000000012627
89000000012545,1,88000000012585
89000000012547,1,88000000012998
89000000012548,1,88000000013371
89000000012549,1,88000000012329
89000000012550,1,88000000012506
89000000012551,1,88000000012370
89000000012552,1,88000000012221
89000000012553,1,88000000013332
89000000012555,1,88000000012869
89000000012556,1,88000000012662
89000000012557,1,88000000012634
89000000012558,1,88000000012885
89000000012559,1,88000000012664
89000000012560,1,88000000012234
89000000012561,1,88000000012771
89000000012563,1,88000000013685
89000000012564,1,88000000013910
89000000012565,1,88000000013211
89000000012566,1,88000000013322
89000000012567,1,88000000012822
89000000012568,1,88000000012124
89000000012569,1,88000000012692
89000000012570,1,88000000012792
89000000012571,1,88000000012690
89000000012572,1,88000000012490
89000000012573,1,88000000011131
89000000012574,1,88000000012365
89000000012575,1,88000000011929
89000000012576,1,88000000012008
89000000012577,1,88000000012549
89000000012579,1,88000000012179
89000000012580,1,88000000012078
89000000012581,1,88000000013085
89000000012582,1,88000000013132
89000000012583,1,88000000012688
89000000012584,1,88000000012601
89000000012585,1,88000000012482
89000000012586,1,88000000013771
89000000012587,1,88000000012951
89000000012588,1,88000000012446
89000000012589,1,88000000012707
89000000012590,1,88000000012088
89000000012591,1,88000000012678
89000000012592,1,88000000013157
89000000012593,1,88000000012364
89000000012594,1,88000000012269
89000000012595,1,88000000012830
89000000012596,1,88000000012714
89000000012597,1,88000000013554
89000000012599,1,88000000013041
89000000012601,1,88000000012433
89000000012602,1,88000000012903
89000000012603,1,88000000012237
89000000012604,1,88000000012693
89000000012605,1,88000000012443
89000000012606,1,88000000014449
89000000012607,1,88000000013265
89000000012608,1,88000000012563
89000000012609,1,88000000013001
89000000012611,1,88000000012748
89000000012612,1,88000000012596
89000000012613,1,88000000012694
89000000012614,1,88000000013238
89000000012615,1,88000000015819
89000000012616,1,88000000011976
89000000012618,1,88000000012620
89000000012619,1,88000000011780
89000000012620,1,88000000011947
89000000012621,1,88000000012621
89000000012622,1,88000000012691
89000000012623,1,88000000012121
89000000012624,1,88000000013028
89000000012625,1,88000000013663
89000000012626,1,88000000012709
89000000012627,1,88000000012868
89000000012628,1,88000000012722
89000000012629,1,88000000013003
89000000012630,1,88000000012299
89000000012631,1,88000000011613
89000000012632,1,88000000012087
89000000012633,1,88000000014099
89000000012634,1,88000000012696
89000000012635,1,88000000012878
89000000012636,1,88000000012623
89000000012637,1,88000000012859
89000000012638,1,88000000013198
89000000012639,1,88000000012570
89000000012641,1,88000000012979
89000000012642,1,88000000012853
89000000012643,1,88000000012974
89000000012644,1,88000000013314
89000000012645,1,88000000011512
89000000012646,1,88000000013565
89000000012647,1,88000000012360
89000000012648,1,88000000011343
89000000012649,1,88000000012849
89000000012651,1,88000000013365
89000000012652,1,88000000011984
89000000012653,1,88000000013048
89000000012654,1,88000000012704
89000000012656,1,88000000012710
89000000012659,1,88000000013451
89000000012660,1,88000000013128
89000000012661,1,88000000012978
89000000012662,1,88000000012080
89000000012663,1,88000000013194
89000000012664,1,88000000013057
89000000012665,1,88000000021535
89000000012666,1,88000000012680
89000000012667,1,88000000012628
89000000012668,1,88000000013436
89000000012669,1,88000000012226
89000000012670,1,88000000013125
89000000012671,1,88000000013109
89000000012672,1,88000000013042
89000000012673,1,88000000012879
89000000012674,1,88000000013861
89000000012676,1,88000000014988
89000000012677,1,88000000012891
89000000012678,1,88000000012513
89000000012679,1,88000000013353
89000000012680,1,88000000013283
89000000012681,1,88000000012872
89000000012682,1,88000000011645
89000000012683,1,88000000012916
89000000012684,1,88000000012807
89000000012685,1,88000000013595
89000000012686,1,88000000012837
89000000012687,1,88000000012526
89000000012690,1,88000000012660
89000000012692,1,88000000014665
89000000012693,1,88000000012646
89000000012694,1,88000000013031
89000000012695,1,88000000013237
89000000012696,1,88000000013140
89000000012697,1,88000000012997
89000000012698,1,88000000012442
89000000012699,1,88000000012048
89000000012700,1,88000000012835
89000000012701,1,88000000009710
89000000012703,1,88000000012338
89000000012704,1,88000000013312
89000000012705,1,88000000012758
89000000012706,1,88000000014163
89000000012707,1,88000000012609
89000000012708,1,88000000013099
89000000012709,1,88000000012729
89000000012710,1,88000000012441
89000000012711,1,88000000012595
89000000012712,1,88000000014020
89000000012713,1,88000000011741
89000000012714,1,88000000012653
89000000012715,1,88000000012399
89000000012716,1,88000000013639
89000000012717,1,88000000012716
89000000012719,1,88000000011922
89000000012720,1,88000000012788
89000000012722,1,88000000012517
89000000012723,1,88000000012986
89000000012724,1,88000000013207
89000000012725,1,88000000013163
89000000012726,1,88000000013146
89000000012728,1,88000000013681
89000000012729,1,88000000012385
89000000012730,1,88000000013393
89000000012731,1,88000000012437
89000000012732,1,88000000014034
89000000012733,1,88000000012958
89000000012734,1,88000000012752
89000000012735,1,88000000012471
89000000012736,1,88000000013026
89000000012737,1,88000000012326
89000000012738,1,88000000011957
89000000012739,1,88000000012739
89000000012740,1,88000000012099
89000000012741,1,88000000011110
89000000012742,1,88000000013496
89000000012743,1,88000000012805
89000000012744,1,88000000012495
89000000012745,1,88000000012464
89000000012746,1,88000000013951
89000000012747,1,88000000012488
89000000012748,1,88000000015782
89000000012750,1,88000000012698
89000000012751,1,88000000013352
89000000012752,1,88000000014611
89000000012753,1,88000000013067
89000000012754,1,88000000013292
89000000012755,1,88000000012772
89000000012756,1,88000000013844
89000000012757,1,88000000012311
89000000012758,1,88000000013580
89000000012759,1,88000000013052
89000000012760,1,88000000012774
89000000012761,1,88000000013308
89000000012762,1,88000000013311
89000000012763,1,88000000013021
89000000012764,1,88000000012587
89000000012765,1,88000000012594
89000000012766,1,88000000012545
89000000012767,1,88000000012813
89000000012768,1,88000000013937
89000000012769,1,88000000013546
89000000012770,1,88000000012990
89000000012771,1,88000000010364
89000000012772,1,88000000012851
89000000012773,1,88000000012803
89000000012775,1,88000000011521
89000000012776,1,88000000012484
89000000012778,1,88000000013419
89000000012779,1,88000000012561
89000000012780,1,88000000012597
89000000012781,1,88000000013092
89000000012782,1,88000000013145
89000000012784,1,88000000013103
89000000012786,1,88000000013133
89000000012787,1,88000000013510
89000000012788,1,88000000012670
89000000012789,1,88000000011461
89000000012791,1,88000000013250
89000000012792,1,88000000012656
89000000012794,1,88000000012391
89000000012795,1,88000000012981
89000000012796,1,88000000013282
89000000012797,1,88000000012765
89000000012798,1,88000000013300
89000000012799,1,88000000013193
89000000012800,1,88000000016772
89000000012801,1,88000000012956
89000000012802,1,88000000012778
89000000012803,1,88000000012920
89000000012804,1,88000000013277
89000000012805,1,88000000013350
89000000012806,1,88000000012453
89000000012807,1,88000000012454
89000000012808,1,88000000012294
89000000012809,1,88000000013023
89000000012810,1,88000000012216
89000000012811,1,88000000013367
89000000012812,1,88000000012189
89000000012813,1,88000000015091
89000000012814,1,88000000013027
89000000012815,1,88000000012973
89000000012816,1,88000000013817
89000000012817,1,88000000013274
89000000012819,1,88000000016707
89000000012820,1,88000000012732
89000000012822,1,88000000013517
89000000012824,1,88000000012846
89000000012825,1,88000000011341
89000000012826,1,88000000013164
89000000012827,1,88000000014580
89000000012828,1,88000000013749
89000000012829,1,88000000012497
89000000012830,1,88000000014075
89000000012831,1,88000000013285
89000000012832,1,88000000013659
89000000012833,1,88000000012400
89000000012834,1,88000000014566
89000000012835,1,88000000013613
89000000012836,1,88000000013402
89000000012837,1,88000000013122
89000000012839,1,88000000011017
89000000012841,1,88000000012904
89000000012842,1,88000000013335
89000000012843,1,88000000013064
89000000012844,1,88000000011808
89000000012845,1,88000000012873
89000000012846,1,88000000012921
89000000012847,1,88000000013058
89000000012848,1,88000000012802
89000000012850,1,88000000013020
89000000012852,1,88000000013089
89000000012853,1,88000000013349
89000000012854,1,88000000018299
89000000012855,1,88000000013216
89000000012856,1,88000000013036
89000000012857,1,88000000012842
89000000012858,1,88000000011308
89000000012860,1,88000000013051
89000000012861,1,88000000012472
89000000012862,1,88000000013007
89000000012863,1,88000000012886
89000000012864,1,88000000011746
89000000012865,1,88000000013062
89000000012867,1,88000000012053
89000000012869,1,88000000012993
89000000012870,1,88000000012673
89000000012871,1,88000000012398
89000000012872,1,88000000013174
89000000012874,1,88000000012584
89000000012875,1,88000000012242
89000000012876,1,88000000011544
89000000012878,1,88000000012223
89000000012879,1,88000000012987
89000000012880,1,88000000012833
89000000012881,1,88000000013386
89000000012882,1,88000000012895
89000000012883,1,88000000012508
89000000012884,1,88000000012875
89000000012885,1,88000000011501
89000000012887,1,88000000011987
89000000012888,1,88000000011678
89000000012889,1,88000000012857
89000000012890,1,88000000013532
89000000012891,1,88000000013562
89000000012892,1,88000000013220
89000000012895,1,88000000013346
89000000012896,1,88000000011531
89000000012897,1,88000000013004
89000000012898,1,88000000012966
89000000012899,1,88000000012469
89000000012901,1,88000000012655
89000000012903,1,88000000013294
89000000012904,1,88000000012967
89000000012905,1,88000000014379
89000000012907,1,88000000012871
89000000012908,1,88000000012996
89000000012909,1,88000000012999
89000000012910,1,88000000013813
89000000012911,1,88000000011999
89000000012912,1,88000000012731
89000000012914,1,88000000012502
89000000012915,1,88000000012757
89000000012916,1,88000000013703
89000000012917,1,88000000012397
89000000012918,1,88000000013358
89000000012919,1,88000000013390
89000000012920,1,88000000017149
89000000012921,1,88000000012754
89000000012922,1,88000000012032
89000000012923,1,88000000012518
89000000012924,1,88000000013858
89000000012925,1,88000000013460
89000000012927,1,88000000013230
89000000012928,1,88000000014086
89000000012930,1,88000000011071
89000000012931,1,88000000013597
89000000012933,1,88000000012821
89000000012934,1,88000000013808
89000000012935,1,88000000014037
89000000012936,1,88000000018488
89000000012938,1,88000000013774
89000000012939,1,88000000013513
89000000012940,1,88000000013166
89000000012941,1,88000000013065
89000000012942,1,88000000013469
89000000012943,1,88000000014517
89000000012946,1,88000000013889
89000000012947,1,88000000013992
89000000012948,1,88000000013212
89000000012949,1,88000000013424
89000000012950,1,88000000013319
89000000012951,1,88000000013536
89000000012952,1,88000000012980
89000000012953,1,88000000013834
89000000012954,1,88000000013186
89000000012955,1,88000000013111
89000000012956,1,88000000013120
89000000012957,1,88000000012923
89000000012958,1,88000000013305
89000000012959,1,88000000012912
89000000012960,1,88000000015017
89000000012962,1,88000000012876
89000000012963,1,88000000011593
89000000012964,1,88000000012909
89000000012965,1,88000000011980
89000000012966,1,88000000013171
89000000012967,1,88000000010908
89000000012968,1,88000000013318
89000000012969,1,88000000012797
89000000012970,1,88000000014021
89000000012971,1,88000000013722
89000000012972,1,88000000014014
89000000012973,1,88000000013909
89000000012975,1,88000000013875
89000000012976,1,88000000013372
89000000012977,1,88000000013196
89000000012978,1,88000000013184
89000000012979,1,88000000013968
89000000012980,1,88000000015609
89000000012981,1,88000000013425
89000000012982,1,88000000013954
89000000012983,1,88000000013241
89000000012985,1,88000000014995
89000000012986,1,88000000012505
89000000012987,1,88000000012165
89000000012988,1,88000000013014
89000000012989,1,88000000009670
89000000012990,1,88000000013593
89000000012991,1,88000000013336
89000000012992,1,88000000012633
89000000012993,1,88000000013289
89000000012994,1,88000000013261
89000000012995,1,88000000011936
89000000012996,1,88000000015031
89000000012997,1,88000000014317
89000000012998,1,88000000013275
89000000012999,1,88000000013334
89000000013000,1,88000000013284
89000000013001,1,88000000013248
89000000013002,1,88000000012671
89000000013003,1,88000000014503
89000000013004,1,88000000017023
89000000013005,1,88000000013011
89000000013006,1,88000000012785
89000000013007,1,88000000013222
89000000013008,1,88000000012789
89000000013010,1,88000000014472
89000000013011,1,88000000015189
89000000013012,1,88000000013578
89000000013013,1,88000000013010
89000000013014,1,88000000013667
89000000013015,1,88000000013276
89000000013016,1,88000000014047
89000000013018,1,88000000013075
89000000013019,1,88000000015337
89000000013021,1,88000000013880
89000000013022,1,88000000012020
89000000013024,1,88000000009948
89000000013025,1,88000000013050
89000000013026,1,88000000014680
89000000013027,1,88000000013343
89000000013028,1,88000000013477
89000000013029,1,88000000012798
89000000013030,1,88000000013110
89000000013031,1,88000000011880
89000000013032,1,88000000013809
89000000013033,1,88000000013502
89000000013034,1,88000000013055
89000000013035,1,88000000013793
89000000013036,1,88000000013181
89000000013037,1,88000000012809
89000000013038,1,88000000017000
89000000013039,1,88000000013162
89000000013041,1,88000000013309
89000000013043,1,88000000012791
89000000013044,1,88000000013204
89000000013045,1,88000000012930
89000000013046,1,88000000013252
89000000013047,1,88000000013607
89000000013048,1,88000000014419
89000000013049,1,88000000012459
89000000013050,1,88000000013235
89000000013051,1,88000000013032
89000000013052,1,88000000013231
89000000013053,1,88000000013649
89000000013054,1,88000000012461
89000000013056,1,88000000013612
89000000013057,1,88000000013205
89000000013058,1,88000000012522
89000000013059,1,88000000012312
89000000013060,1,88000000017101
89000000013061,1,88000000013669
89000000013062,1,88000000013688
89000000013063,1,88000000013409
89000000013064,1,88000000013499
89000000013067,1,88000000012768
89000000013068,1,88000000013095
89000000013069,1,88000000013326
89000000013070,1,88000000014090
89000000013071,1,88000000013370
89000000013073,1,88000000013139
89000000013074,1,88000000012721
89000000013075,1,88000000013507
89000000013076,1,88000000013379
89000000013077,1,88000000012756
89000000013078,1,88000000013848
89000000013079,1,88000000014764
89000000013080,1,88000000012600
89000000013081,1,88000000013980
89000000013083,1,88000000013304
89000000013084,1,88000000013908
89000000013085,1,88000000013426
89000000013086,1,88000000014345
89000000013087,1,88000000013501
89000000013088,1,88000000013101
89000000013090,1,88000000013195
89000000013091,1,88000000014033
89000000013092,1,88000000013269
89000000013093,1,88000000013878
89000000013094,1,88000000012761
89000000013095,1,88000000013552
89000000013096,1,88000000014606
89000000013098,1,88000000013434
89000000013099,1,88000000013272
89000000013100,1,88000000013144
89000000013101,1,88000000013108
89000000013102,1,88000000013173
89000000013103,1,88000000013440
89000000013104,1,88000000012536
89000000013105,1,88000000012927
89000000013107,1,88000000014071
89000000013108,1,88000000013764
89000000013109,1,88000000013569
89000000013112,1,88000000013702
89000000013113,1,88000000013769
89000000013114,1,88000000013400
89000000013117,1,88000000012681
89000000013118,1,88000000011789
89000000013119,1,88000000012775
89000000013120,1,88000000013151
89000000013121,1,88000000013636
89000000013122,1,88000000013106
89000000013123,1,88000000012599
89000000013124,1,88000000012806
89000000013126,1,88000000012527
89000000013127,1,88000000013080
89000000013128,1,88000000013165
89000000013130,1,88000000012926
89000000013131,1,88000000013331
89000000013133,1,88000000012188
89000000013136,1,88000000012556
89000000013137,1,88000000012611
89000000013138,1,88000000012970
89000000013139,1,88000000015578
89000000013140,1,88000000013356
89000000013141,1,88000000013068
89000000013142,1,88000000012409
89000000013143,1,88000000013748
89000000013144,1,88000000011345
89000000013145,1,88000000014647
89000000013146,1,88000000014178
89000000013147,1,88000000013634
89000000013148,1,88000000013223
89000000013149,1,88000000013131
89000000013150,1,88000000013266
89000000013151,1,88000000013251
89000000013152,1,88000000014366
89000000013153,1,88000000013474
89000000013154,1,88000000013317
89000000013155,1,88000000013418
89000000013156,1,88000000015180
89000000013157,1,88000000010960
89000000013158,1,88000000014143
89000000013159,1,88000000013631
89000000013160,1,88000000013177
89000000013161,1,88000000014362
89000000013162,1,88000000012866
89000000013163,1,88000000012804
89000000013164,1,88000000012934
89000000013165,1,88000000013369
89000000013167,1,88000000013446
89000000013168,1,88000000013240
89000000013169,1,88000000013313
89000000013170,1,88000000013293
89000000013173,1,88000000013978
89000000013174,1,88000000013156
89000000013175,1,88000000013271
89000000013176,1,88000000006810
89000000013177,1,88000000013726
89000000013178,1,88000000013329
89000000013179,1,88000000011434
89000000013180,1,88000000013215
89000000013182,1,88000000013691
89000000013184,1,88000000012823
89000000013185,1,88000000013924
89000000013186,1,88000000013268
89000000013187,1,88000000013263
89000000013188,1,88000000012940
89000000013189,1,88000000015290
89000000013192,1,88000000013609
89000000013194,1,88000000012492
89000000013195,1,88000000013254
89000000013196,1,88000000013697
89000000013197,1,88000000012855
89000000013198,1,88000000014023
89000000013199,1,88000000012881
89000000013200,1,88000000014352
89000000013201,1,88000000014202
89000000013202,1,88000000013466
89000000013203,1,88000000013449
89000000013204,1,88000000013410
89000000013205,1,88000000014473
89000000013206,1,88000000010949
89000000013207,1,88000000014012
89000000013208,1,88000000013287
89000000013209,1,88000000013975
89000000013210,1,88000000014847
89000000013211,1,88000000013677
89000000013212,1,88000000013147
89000000013213,1,88000000013219
89000000013216,1,88000000013859
89000000013217,1,88000000014372
89000000013218,1,88000000013563
89000000013219,1,88000000013119
89000000013220,1,88000000014808
89000000013221,1,88000000013822
89000000013222,1,88000000012874
89000000013223,1,88000000013784
89000000013224,1,88000000011720
89000000013225,1,88000000014320
89000000013226,1,88000000013847
89000000013227,1,88000000012733
89000000013229,1,88000000012615
89000000013230,1,88000000012963
89000000013231,1,88000000013750
89000000013232,1,88000000012000
89000000013233,1,88000000013066
89000000013234,1,88000000012847
89000000013235,1,88000000018628
89000000013236,1,88000000013974
89000000013237,1,88000000012929
89000000013238,1,88000000013591
89000000013239,1,88000000013879
89000000013240,1,88000000013629
89000000013241,1,88000000012949
89000000013242,1,88000000013459
89000000013243,1,88000000013153
89000000013244,1,88000000013884
89000000013245,1,88000000013226
89000000013246,1,88000000012540
89000000013247,1,88000000013798
89000000013248,1,88000000014987
89000000013249,1,88000000014816
89000000013250,1,88000000013083
89000000013251,1,88000000013511
89000000013252,1,88000000012521
89000000013253,1,88000000013662
89000000013255,1,88000000013086
89000000013256,1,88000000013435
89000000013257,1,88000000014609
89000000013258,1,88000000013538
89000000013259,1,88000000014800
89000000013260,1,88000000013397
89000000013261,1,88000000013555
89000000013262,1,88000000013257
89000000013263,1,88000000013657
89000000013264,1,88000000013338
89000000013266,1,88000000013118
89000000013267,1,88000000013417
89000000013268,1,88000000013567
89000000013271,1,88000000013763
89000000013272,1,88000000013351
89000000013273,1,88000000013150
89000000013274,1,88000000013575
89000000013275,1,88000000013601
89000000013277,1,88000000012863
89000000013278,1,88000000014346
89000000013279,1,88000000011852
89000000013280,1,88000000013243
89000000013281,1,88000000013585
89000000013282,1,88000000014519
89000000013283,1,88000000014555
89000000013284,1,88000000013915
89000000013285,1,88000000015558
89000000013286,1,88000000013208
89000000013287,1,88000000013930
89000000013288,1,88000000013648
89000000013289,1,88000000013408
89000000013291,1,88000000013484
89000000013292,1,88000000014724
89000000013293,1,88000000013760
89000000013294,1,88000000013572
89000000013295,1,88000000013006
89000000013296,1,88000000013373
89000000013298,1,88000000014657
89000000013303,1,88000000013690
89000000013304,1,88000000013375
89000000013305,1,88000000014941
89000000013307,1,88000000013301
89000000013308,1,88000000013549
89000000013309,1,88000000014155
89000000013311,1,88000000013210
89000000013313,1,88000000014105
89000000013315,1,88000000013755
89000000013316,1,88000000014036
89000000013317,1,88000000013710
89000000013318,1,88000000015382
89000000013319,1,88000000012893
89000000013320,1,88000000013525
89000000013321,1,88000000014824
89000000013322,1,88000000013455
89000000013323,1,88000000013452
89000000013324,1,88000000013736
89000000013325,1,88000000013077
89000000013326,1,88000000013396
89000000013327,1,88000000012890
89000000013328,1,88000000016196
89000000013329,1,88000000013515
89000000013330,1,88000000014042
89000000013332,1,88000000013076
89000000013333,1,88000000013926
89000000013334,1,88000000015801
89000000013335,1,88000000013757
89000000013336,1,88000000013577
89000000013339,1,88000000014620
89000000013340,1,88000000014008
89000000013341,1,88000000013814
89000000013342,1,88000000013797
89000000013343,1,88000000014175
89000000013344,1,88000000013988
89000000013345,1,88000000013206
89000000013347,1,88000000013935
89000000013348,1,88000000013959
89000000013349,1,88000000013706
89000000013351,1,88000000013792
89000000013352,1,88000000013134
89000000013353,1,88000000013015
89000000013354,1,88000000013616
89000000013355,1,88000000014164
89000000013356,1,88000000013420
89000000013357,1,88000000012510
89000000013358,1,88000000013737
89000000013360,1,88000000014196
89000000013361,1,88000000013105
89000000013362,1,88000000013805
89000000013363,1,88000000013983
89000000013364,1,88000000015388
89000000013365,1,88000000014451
89000000013366,1,88000000012498
89000000013367,1,88000000013740
89000000013368,1,88000000013732
89000000013369,1,88000000014312
89000000013370,1,88000000013415
89000000013371,1,88000000014439
89000000013372,1,88000000013646
89000000013373,1,88000000013224
89000000013374,1,88000000013324
89000000013376,1,88000000015695
89000000013377,1,88000000013738
89000000013378,1,88000000014765
89000000013379,1,88000000013584
89000000013381,1,88000000013734
89000000013382,1,88000000011056
89000000013383,1,88000000014096
89000000013384,1,88000000014627
89000000013385,1,88000000013696
89000000013386,1,88000000014148
89000000013389,1,88000000013876
89000000013390,1,88000000013651
89000000013391,1,88000000013443
89000000013392,1,88000000013907
89000000013393,1,88000000013603
89000000013394,1,88000000012679
89000000013395,1,88000000012473
89000000013396,1,88000000015994
89000000013397,1,88000000015302
89000000013398,1,88000000013886
89000000013401,1,88000000014359
89000000013402,1,88000000013463
89000000013403,1,88000000014826
89000000013404,1,88000000012277
89000000013406,1,88000000013916
89000000013407,1,88000000013161
89000000013409,1,88000000013447
89000000013410,1,88000000012763
89000000013411,1,88000000012547
89000000013412,1,88000000014242
89000000013413,1,88000000013480
89000000013415,1,88000000014006
89000000013416,1,88000000013378
89000000013417,1,88000000014530
89000000013418,1,88000000013295
89000000013419,1,88000000013541
89000000013420,1,88000000014055
89000000013421,1,88000000013893
89000000013422,1,88000000014694
89000000013423,1,88000000013288
89000000013424,1,88000000013898
89000000013425,1,88000000015328
89000000013426,1,88000000012531
89000000013427,1,88000000012787
89000000013429,1,88000000018215
89000000013430,1,88000000013689
89000000013431,1,88000000013944
89000000013432,1,88000000015666
89000000013433,1,88000000013686
89000000013434,1,88000000014267
89000000013435,1,88000000013438
89000000013436,1,88000000014738
89000000013437,1,88000000013867
89000000013438,1,88000000012840
89000000013439,1,88000000013739
89000000013441,1,88000000014043
89000000013442,1,88000000013476
89000000013444,1,88000000013104
89000000013445,1,88000000014120
89000000013446,1,88000000014252
89000000013447,1,88000000013526
89000000013448,1,88000000014290
89000000013449,1,88000000013921
89000000013450,1,88000000013368
89000000013451,1,88000000013445
89000000013452,1,88000000013297
89000000013453,1,88000000013508
89000000013454,1,88000000013514
89000000013456,1,88000000012810
89000000013457,1,88000000013141
89000000013458,1,88000000013641
89000000013459,1,88000000013382
89000000013460,1,88000000013520
89000000013462,1,88000000013054
89000000013463,1,88000000013630
89000000013464,1,88000000013576
89000000013465,1,88000000015873
89000000013466,1,88000000013904
89000000013468,1,88000000013399
89000000013471,1,88000000014479
89000000013472,1,88000000013339
89000000013473,1,88000000014411
89000000013474,1,88000000013079
89000000013476,1,88000000013394
89000000013478,1,88000000014422
89000000013479,1,88000000013602
89000000013481,1,88000000013049
89000000013482,1,88000000013996
89000000013484,1,88000000014481
89000000013485,1,88000000013483
89000000013486,1,88000000013854
89000000013487,1,88000000013485
89000000013488,1,88000000013199
89000000013489,1,88000000020279
89000000013491,1,88000000012961
89000000013492,1,88000000013835
89000000013493,1,88000000014141
89000000013494,1,88000000014040
89000000013495,1,88000000013202
89000000013496,1,88000000013136
89000000013497,1,88000000011654
89000000013498,1,88000000016466
89000000013499,1,88000000013687
89000000013500,1,88000000013100
89000000013501,1,88000000013705
89000000013502,1,88000000015412
89000000013503,1,88000000013617
89000000013504,1,88000000012172
89000000013505,1,88000000012943
89000000013506,1,88000000014257
89000000013507,1,88000000012273
89000000013508,1,88000000013405
89000000013510,1,88000000013701
89000000013512,1,88000000014958
89000000013513,1,88000000013849
89000000013514,1,88000000013832
89000000013515,1,88000000013457
89000000013516,1,88000000013113
89000000013518,1,88000000013998
89000000013519,1,88000000013638
89000000013520,1,88000000013997
89000000013521,1,88000000013802
89000000013523,1,88000000013958
89000000013524,1,88000000013979
89000000013525,1,88000000013796
89000000013526,1,88000000013653
89000000013528,1,88000000014610
89000000013529,1,88000000013330
89000000013530,1,88000000012759
89000000013531,1,88000000015273
89000000013533,1,88000000013558
89000000013534,1,88000000013782
89000000013535,1,88000000013185
89000000013536,1,88000000015266
89000000013537,1,88000000014226
89000000013538,1,88000000013395
89000000013539,1,88000000013960
89000000013540,1,88000000013361
89000000013541,1,88000000014078
89000000013542,1,88000000012523
89000000013543,1,88000000013758
89000000013544,1,88000000013970
89000000013545,1,88000000014364
89000000013546,1,88000000014356
89000000013547,1,88000000012470
89000000013548,1,88000000013249
89000000013549,1,88000000012750
89000000013550,1,88000000013392
89000000013551,1,88000000013183
89000000013552,1,88000000013684
89000000013554,1,88000000013439
89000000013556,1,88000000013985
89000000013557,1,88000000013453
89000000013558,1,88000000013072
89000000013559,1,88000000013559
89000000013560,1,88000000014306
89000000013562,1,88000000013325
89000000013563,1,88000000013570
89000000013564,1,88000000013535
89000000013565,1,88000000012906
89000000013566,1,88000000012937
89000000013567,1,88000000013291
89000000013568,1,88000000013770
89000000013569,1,88000000013977
89000000013570,1,88000000012969
89000000013571,1,88000000012021
89000000013572,1,88000000014212
89000000013573,1,88000000014000
89000000013574,1,88000000013116
89000000013575,1,88000000015233
89000000013576,1,88000000015353
89000000013578,1,88000000013865
89000000013579,1,88000000013531
89000000013580,1,88000000013759
89000000013581,1,88000000010670
89000000013582,1,88000000013891
89000000013583,1,88000000019327
89000000013584,1,88000000013831
89000000013585,1,88000000013761
89000000013586,1,88000000013561
89000000013587,1,88000000013529
89000000013588,1,88000000014319
89000000013589,1,88000000012560
89000000013590,1,88000000013543
89000000013591,1,88000000014718
89000000013592,1,88000000013818
89000000013593,1,88000000014737
89000000013594,1,88000000012125
89000000013595,1,88000000014169
89000000013596,1,88000000013596
89000000013597,1,88000000013661
89000000013598,1,88000000013354
89000000013599,1,88000000013437
89000000013600,1,88000000013347
89000000013601,1,88000000014179
89000000013603,1,88000000010438
89000000013604,1,88000000014273
89000000013605,1,88000000013461
89000000013607,1,88000000013155
89000000013608,1,88000000015547
89000000013609,1,88000000013557
89000000013610,1,88000000016922
89000000013611,1,88000000013548
89000000013612,1,88000000013804
89000000013615,1,88000000014128
89000000013616,1,88000000013652
89000000013617,1,88000000014063
89000000013619,1,88000000013588
89000000013621,1,88000000013990
89000000013622,1,88000000013537
89000000013623,1,88000000013551
89000000013625,1,88000000015160
89000000013626,1,88000000014410
89000000013627,1,88000000012816
89000000013628,1,88000000016417
89000000013629,1,88000000014030
89000000013630,1,88000000012827
89000000013631,1,88000000013837
89000000013632,1,88000000014103
89000000013633,1,88000000014354
89000000013635,1,88000000014466
89000000013636,1,88000000012648
89000000013637,1,88000000014185
89000000013638,1,88000000013714
89000000013639,1,88000000015086
89000000013640,1,88000000012499
89000000013641,1,88000000015305
89000000013642,1,88000000014265
89000000013643,1,88000000015785
89000000013644,1,88000000015179
89000000013646,1,88000000014112
89000000013647,1,88000000014605
89000000013648,1,88000000013933
89000000013649,1,88000000013473
89000000013650,1,88000000013871
89000000013651,1,88000000013242
89000000013652,1,88000000013922
89000000013653,1,88000000013490
89000000013654,1,88000000014614
89000000013655,1,88000000015304
89000000013656,1,88000000013472
89000000013657,1,88000000014249
89000000013658,1,88000000014456
89000000013659,1,88000000012381
89000000013660,1,88000000015023
89000000013661,1,88000000012983
89000000013662,1,88000000014189
89000000013663,1,88000000014183
89000000013664,1,88000000014100
89000000013667,1,88000000014420
89000000013668,1,88000000015108
89000000013669,1,88000000013981
89000000013670,1,88000000014089
89000000013671,1,88000000013074
89000000013672,1,88000000014864
89000000013673,1,88000000012689
89000000013674,1,88000000013790
89000000013675,1,88000000014615
89000000013677,1,88000000014363
89000000013678,1,88000000014670
89000000013679,1,88000000014531
89000000013680,1,88000000015619
89000000013681,1,88000000013281
89000000013682,1,88000000013107
89000000013683,1,88000000013897
89000000013684,1,88000000014504
89000000013685,1,88000000013671
89000000013686,1,88000000013711
89000000013687,1,88000000014423
89000000013688,1,88000000012115
89000000013689,1,88000000014832
89000000013691,1,88000000013521
89000000013693,1,88000000013433
89000000013695,1,88000000014198
89000000013696,1,88000000013862
89000000013697,1,88000000014538
89000000013698,1,88000000014131
89000000013699,1,88000000013129
89000000013700,1,88000000011428
89000000013701,1,88000000013803
89000000013702,1,88000000014430
89000000013703,1,88000000014875
89000000013704,1,88000000013117
89000000013705,1,88000000013571
89000000013706,1,88000000013767
89000000013707,1,88000000013966
89000000013708,1,88000000014003
89000000013709,1,88000000014528
89000000013710,1,88000000013778
89000000013711,1,88000000014010
89000000013712,1,88000000017229
89000000013713,1,88000000013589
89000000013714,1,88000000014005
89000000013715,1,88000000017222
89000000013716,1,88000000013675
89000000013717,1,88000000014603
89000000013719,1,88000000014297
89000000013720,1,88000000014280
89000000013721,1,88000000013775
89000000013722,1,88000000013479
89000000013723,1,88000000013632
89000000013724,1,88000000014091
89000000013725,1,88000000013772
89000000013726,1,88000000014414
89000000013727,1,88000000014234
89000000013728,1,88000000013442
89000000013730,1,88000000013883
89000000013732,1,88000000013810
89000000013733,1,88000000014784
89000000013734,1,88000000014554
89000000013735,1,88000000013919
89000000013736,1,88000000013170
89000000013737,1,88000000014766
89000000013738,1,88000000013841
89000000013740,1,88000000013713
89000000013741,1,88000000015634
89000000013743,1,88000000014470
89000000013744,1,88000000014432
89000000013746,1,88000000013112
89000000013748,1,88000000013801
89000000013750,1,88000000013693
89000000013751,1,88000000013428
89000000013752,1,88000000016004
89000000013753,1,88000000013932
89000000013754,1,88000000013320
89000000013755,1,88000000013581
89000000013756,1,88000000014940
89000000013757,1,88000000011224
89000000013758,1,88000000014057
89000000013759,1,88000000010668
89000000013760,1,88000000013404
89000000013761,1,88000000014107
89000000013763,1,88000000013987
89000000013764,1,88000000013902
89000000013765,1,88000000013448
89000000013766,1,88000000013762
89000000013767,1,88000000014095
89000000013768,1,88000000014641
89000000013769,1,88000000014127
89000000013770,1,88000000014083
89000000013771,1,88000000013524
89000000013773,1,88000000013348
89000000013774,1,88000000014205
89000000013775,1,88000000013456
89000000013776,1,88000000010000
89000000013777,1,88000000014038
89000000013779,1,88000000013487
89000000013780,1,88000000016836
89000000013781,1,88000000014289
89000000013782,1,88000000012776
89000000013783,1,88000000014324
89000000013784,1,88000000014827
89000000013785,1,88000000013492
89000000013786,1,88000000013728
89000000013787,1,88000000014559
89000000013788,1,88000000013673
89000000013789,1,88000000013280
89000000013790,1,88000000013942
89000000013791,1,88000000013821
89000000013792,1,88000000013573
89000000013793,1,88000000014026
89000000013794,1,88000000014427
89000000013796,1,88000000013590
89000000013798,1,88000000013491
89000000013799,1,88000000014526
89000000013800,1,88000000013364
89000000013801,1,88000000013881
89000000013802,1,88000000015553
89000000013803,1,88000000012795
89000000013804,1,88000000013845
89000000013805,1,88000000013493
89000000013806,1,88000000012753
89000000013807,1,88000000013756
89000000013808,1,88000000014441
89000000013809,1,88000000015061
89000000013810,1,88000000014068
89000000013811,1,88000000014059
89000000013812,1,88000000015313
89000000013813,1,88000000013850
89000000013814,1,88000000013450
89000000013815,1,88000000014186
89000000013816,1,88000000014483
89000000013817,1,88000000009688
89000000013818,1,88000000013407
89000000013819,1,88000000013625
89000000013820,1,88000000013851
89000000013821,1,88000000015049
89000000013822,1,88000000013516
89000000013823,1,88000000017015
89000000013824,1,88000000014867
89000000013825,1,88000000013976
89000000013827,1,88000000013377
89000000013828,1,88000000013927
89000000013829,1,88000000014136
89000000013830,1,88000000014053
89000000013831,1,88000000013700
89000000013833,1,88000000013586
89000000013834,1,88000000015120
89000000013835,1,88000000013724
89000000013838,1,88000000014138
89000000013840,1,88000000016200
89000000013841,1,88000000014031
89000000013842,1,88000000010189
89000000013843,1,88000000014009
89000000013844,1,88000000013644
89000000013846,1,88000000015185
89000000013847,1,88000000013823
89000000013848,1,88000000013973
89000000013850,1,88000000014448
89000000013851,1,88000000014215
89000000013852,1,88000000013540
89000000013853,1,88000000013327
89000000013854,1,88000000014134
89000000013855,1,88000000014217
89000000013856,1,88000000013427
89000000013857,1,88000000013938
89000000013858,1,88000000014899
89000000013859,1,88000000013709
89000000013860,1,88000000013827
89000000013861,1,88000000014426
89000000013863,1,88000000017112
89000000013864,1,88000000010232
89000000013865,1,88000000015324
89000000013866,1,88000000015171
89000000013868,1,88000000014458
89000000013869,1,88000000014697
89000000013870,1,88000000014318
89000000013871,1,88000000013961
89000000013872,1,88000000014437
89000000013873,1,88000000014374
89000000013877,1,88000000013982
89000000013878,1,88000000014228
89000000013879,1,88000000012661
89000000013880,1,88000000014791
89000000013881,1,88000000015109
89000000013882,1,88000000013495
89000000013883,1,88000000013236
89000000013884,1,88000000015679
89000000013885,1,88000000014377
89000000013886,1,88000000013556
89000000013887,1,88000000013995
89000000013888,1,88000000013727
89000000013889,1,88000000014291
89000000013890,1,88000000014710
89000000013891,1,88000000013656
89000000013892,1,88000000013534
89000000013893,1,88000000013468
89000000013895,1,88000000014050
89000000013897,1,88000000014041
89000000013898,1,88000000014102
89000000013899,1,88000000013972
89000000013900,1,88000000014340
89000000013901,1,88000000017913
89000000013902,1,88000000014017
89000000013903,1,88000000007676
89000000013904,1,88000000013856
89000000013905,1,88000000013299
89000000013906,1,88000000015953
89000000013907,1,88000000013948
89000000013908,1,88000000014124
89000000013909,1,88000000013509
89000000013910,1,88000000013097
89000000013911,1,88000000014833
89000000013912,1,88000000016475
89000000013913,1,88000000013920
89000000013914,1,88000000014331
89000000013915,1,88000000019121
89000000013916,1,88000000013227
89000000013917,1,88000000014795
89000000013918,1,88000000013256
89000000013920,1,88000000013777
89000000013921,1,88000000014301
89000000013922,1,88000000013984
89000000013923,1,88000000014191
89000000013924,1,88000000015203
89000000013925,1,88000000013123
89000000013926,1,88000000015064
89000000013927,1,88000000014160
89000000013928,1,88000000014488
89000000013929,1,88000000014330
89000000013930,1,88000000014119
89000000013933,1,88000000014108
89000000013934,1,88000000013716
89000000013935,1,88000000014225
89000000013936,1,88000000014121
89000000013937,1,88000000012941
89000000013938,1,88000000013866
89000000013941,1,88000000014115
89000000013942,1,88000000013376
89000000013943,1,88000000014560
89000000013944,1,88000000013820
89000000013947,1,88000000013735
89000000013950,1,88000000014394
89000000013951,1,88000000014025
89000000013952,1,88000000013840
89000000013953,1,88000000013635
89000000013954,1,88000000014152
89000000013955,1,88000000013088
89000000013957,1,88000000013486
89000000013958,1,88000000014007
89000000013959,1,88000000013039
89000000013960,1,88000000014722
89000000013961,1,88000000013833
89000000013962,1,88000000013454
89000000013963,1,88000000013362
89000000013964,1,88000000013745
89000000013965,1,88000000012421
89000000013966,1,88000000015164
89000000013967,1,88000000013429
89000000013968,1,88000000014208
89000000013969,1,88000000014073
89000000013970,1,88000000012867
89000000013971,1,88000000013650
89000000013972,1,88000000013754
89000000013973,1,88000000013533
89000000013974,1,88000000015223
89000000013975,1,88000000014322
89000000013976,1,88000000013142
89000000013977,1,88000000013620
89000000013978,1,88000000013852
89000000013979,1,88000000013839
89000000013980,1,88000000014818
89000000013981,1,88000000012485
89000000013982,1,88000000012946
89000000013983,1,88000000013882
89000000013984,1,88000000016350
89000000013985,1,88000000014064
89000000013986,1,88000000016105
89000000013987,1,88000000015245
89000000013990,1,88000000014762
89000000013991,1,88000000014749
89000000013992,1,88000000013130
89000000013993,1,88000000014997
89000000013994,1,88000000014496
89000000013995,1,88000000014425
89000000013996,1,88000000013233
89000000013997,1,88000000014402
89000000013998,1,88000000014471
89000000013999,1,88000000013494
89000000014000,1,88000000017382
89000000014002,1,88000000014805
89000000014005,1,88000000013633
89000000014006,1,88000000015190
89000000014007,1,88000000013941
89000000014009,1,88000000014622
89000000014010,1,88000000013843
89000000014011,1,88000000016645
89000000014012,1,88000000014438
89000000014013,1,88000000014137
89000000014015,1,88000000014556
89000000014016,1,88000000014948
89000000014017,1,88000000016668
89000000014018,1,88000000014337
89000000014019,1,88000000014406
89000000014020,1,88000000013190
89000000014021,1,88000000014462
89000000014022,1,88000000014218
89000000014023,1,88000000013025
89000000014024,1,88000000014520
89000000014025,1,88000000013816
89000000014026,1,88000000015040
89000000014027,1,88000000013167
89000000014028,1,88000000013286
89000000014029,1,88000000014193
89000000014030,1,88000000015982
89000000014031,1,88000000014110
89000000014033,1,88000000012284
89000000014034,1,88000000014334
89000000014035,1,88000000014118
89000000014036,1,88000000014499
89000000014037,1,88000000013928
89000000014038,1,88000000013189
89000000014039,1,88000000014834
89000000014042,1,88000000012197
89000000014044,1,88000000013707
89000000014046,1,88000000014781
89000000014048,1,88000000014845
89000000014049,1,88000000014744
89000000014050,1,88000000015166
89000000014051,1,88000000014676
89000000014052,1,88000000014567
89000000014053,1,88000000014387
89000000014054,1,88000000014256
89000000014055,1,88000000014329
89000000014056,1,88000000013986
89000000014058,1,88000000014093
89000000014059,1,88000000014339
89000000014061,1,88000000014428
89000000014062,1,88000000014447
89000000014063,1,88000000015658
89000000014064,1,88000000013467
89000000014065,1,88000000013530
89000000014066,1,88000000014391
89000000014068,1,88000000014409
89000000014069,1,88000000013504
89000000014070,1,88000000014087
89000000014071,1,88000000015048
89000000014072,1,88000000014223
89000000014073,1,88000000014582
89000000014074,1,88000000014977
89000000014075,1,88000000014299
89000000014076,1,88000000013664
89000000014077,1,88000000014951
89000000014078,1,88000000014434
89000000014079,1,88000000015198
89000000014080,1,88000000014927
89000000014081,1,88000000015159
89000000014082,1,88000000014123
89000000014083,1,88000000014452
89000000014084,1,88000000015533
89000000014085,1,88000000013815
89000000014086,1,88000000015056
89000000014087,1,88000000014685
89000000014088,1,88000000013855
89000000014089,1,88000000015143
89000000014090,1,88000000014756
89000000014092,1,88000000014109
89000000014093,1,88000000014547
89000000014095,1,88000000012249
89000000014096,1,88000000015438
89000000014097,1,88000000014051
89000000014099,1,88000000014024
89000000014100,1,88000000013033
89000000014101,1,88000000014412
89000000014102,1,88000000014219
89000000014103,1,88000000015528
89000000014104,1,88000000014405
89000000014105,1,88000000014870
89000000014106,1,88000000014727
89000000014107,1,88000000016145
89000000014108,1,88000000014775
89000000014109,1,88000000014783
89000000014110,1,88000000012790
89000000014111,1,88000000013553
89000000014112,1,88000000014380
89000000014113,1,88000000019059
89000000014114,1,88000000017120
89000000014115,1,88000000014002
89000000014116,1,88000000015272
89000000014118,1,88000000014613
89000000014119,1,88000000014327
89000000014121,1,88000000013888
89000000014122,1,88000000013599
89000000014123,1,88000000014596
89000000014124,1,88000000013955
89000000014125,1,88000000014171
89000000014126,1,88000000013627
89000000014129,1,88000000014019
89000000014130,1,88000000014662
89000000014131,1,88000000013444
89000000014132,1,88000000013877
89000000014133,1,88000000014490
89000000014134,1,88000000014421
89000000014135,1,88000000013846
89000000014136,1,88000000014048
89000000014137,1,88000000014276
89000000014138,1,88000000013579
89000000014139,1,88000000013683
89000000014140,1,88000000013753
89000000014141,1,88000000013776
89000000014143,1,88000000014785
89000000014144,1,88000000014358
89000000014145,1,88000000018510
89000000014146,1,88000000014852
89000000014147,1,88000000012955
89000000014148,1,88000000013623
89000000014149,1,88000000014264
89000000014150,1,88000000014262
89000000014151,1,88000000013655
89000000014152,1,88000000014812
89000000014153,1,88000000013592
89000000014154,1,88000000014149
89000000014155,1,88000000018800
89000000014156,1,88000000013600
89000000014157,1,88000000013811
89000000014158,1,88000000014150
89000000014159,1,88000000015643
89000000014160,1,88000000015586
89000000014161,1,88000000012825
89000000014162,1,88000000014114
89000000014163,1,88000000013081
89000000014164,1,88000000014281
89000000014165,1,88000000014635
89000000014166,1,88000000014557
89000000014167,1,88000000014658
89000000014168,1,88000000014052
89000000014169,1,88000000013768
89000000014170,1,88000000016667
89000000014171,1,88000000012304
89000000014172,1,88000000014666
89000000014173,1,88000000014401
89000000014174,1,88000000013766
89000000014175,1,88000000014898
89000000014176,1,88000000013838
89000000014178,1,88000000014246
89000000014179,1,88000000013344
89000000014180,1,88000000015033
89000000014181,1,88000000013413
89000000014183,1,88000000014261
89000000014184,1,88000000014207
89000000014185,1,88000000015042
89000000014187,1,88000000016278
89000000014189,1,88000000014600
89000000014190,1,88000000014638
89000000014192,1,88000000015066
89000000014193,1,88000000014344
89000000014194,1,88000000013931
89000000014195,1,88000000014789
89000000014196,1,88000000014282
89000000014197,1,88000000019380
89000000014198,1,88000000013385
89000000014199,1,88000000013279
89000000014200,1,88000000014711
89000000014201,1,88000000014173
89000000014202,1,88000000014316
89000000014203,1,88000000015087
89000000014204,1,88000000014708
89000000014205,1,88000000014726
89000000014206,1,88000000015520
89000000014207,1,88000000014300
89000000014208,1,88000000014844
89000000014209,1,88000000014365
89000000014210,1,88000000013874
89000000014212,1,88000000014523
89000000014213,1,88000000013934
89000000014214,1,88000000016886
89000000014215,1,88000000014866
89000000014216,1,88000000015470
89000000014218,1,88000000014673
89000000014219,1,88000000014210
89000000014221,1,88000000014975
89000000014222,1,88000000014286
89000000014223,1,88000000014321
89000000014224,1,88000000014079
89000000014225,1,88000000013159
89000000014227,1,88000000014385
89000000014228,1,88000000015072
89000000014229,1,88000000015535
89000000014230,1,88000000014586
89000000014231,1,88000000015796
89000000014232,1,88000000014066
89000000014233,1,88000000014397
89000000014234,1,88000000014046
89000000014235,1,88000000014849
89000000014236,1,88000000018067
89000000014238,1,88000000014177
89000000014239,1,88000000014113
89000000014240,1,88000000012861
89000000014241,1,88000000013582
89000000014242,1,88000000013967
89000000014243,1,88000000014122
89000000014245,1,88000000012928
89000000014246,1,88000000014443
89000000014247,1,88000000013825
89000000014248,1,88000000013743
89000000014249,1,88000000016527
89000000014250,1,88000000014690
89000000014251,1,88000000015277
89000000014252,1,88000000014393
89000000014253,1,88000000014751
89000000014254,1,88000000014759
89000000014255,1,88000000014061
89000000014256,1,88000000014972
89000000014259,1,88000000014389
89000000014261,1,88000000013672
89000000014262,1,88000000015181
89000000014263,1,88000000015142
89000000014264,1,88000000014883
89000000014265,1,88000000015085
89000000014266,1,88000000014467
89000000014269,1,88000000014593
89000000014270,1,88000000013842
89000000014271,1,88000000013679
89000000014272,1,88000000014303
89000000014274,1,88000000014469
89000000014275,1,88000000013781
89000000014276,1,88000000013678
89000000014277,1,88000000014633
89000000014278,1,88000000014353
89000000014279,1,88000000014216
89000000014280,1,88000000014287
89000000014281,1,88000000014740
89000000014282,1,88000000012992
89000000014283,1,88000000013604
89000000014285,1,88000000014157
89000000014286,1,88000000013905
89000000014287,1,88000000014572
89000000014288,1,88000000014269
89000000014289,1,88000000014126
89000000014290,1,88000000018391
89000000014292,1,88000000015104
89000000014293,1,88000000014263
89000000014294,1,88000000014117
89000000014295,1,88000000015400
89000000014296,1,88000000013637
89000000014297,1,88000000014098
89000000014299,1,88000000016664
89000000014300,1,88000000012618
89000000014303,1,88000000014260
89000000014304,1,88000000015188
89000000014306,1,88000000013587
89000000014307,1,88000000014028
89000000014308,1,88000000014723
89000000014309,1,88000000015201
89000000014311,1,88000000014296
89000000014312,1,88000000013465
89000000014313,1,88000000014788
89000000014314,1,88000000014416
89000000014315,1,88000000015864
89000000014316,1,88000000011930
89000000014317,1,88000000016711
89000000014318,1,88000000014672
89000000014319,1,88000000013829
89000000014320,1,88000000014240
89000000014322,1,88000000014440
89000000014323,1,88000000014476
89000000014324,1,88000000014235
89000000014326,1,88000000015613
89000000014328,1,88000000019829
89000000014329,1,88000000014245
89000000014330,1,88000000014074
89000000014331,1,88000000014463
89000000014332,1,88000000013989
89000000014333,1,88000000013885
89000000014334,1,88000000014251
89000000014335,1,88000000014384
89000000014336,1,88000000013869
89000000014337,1,88000000013715
89000000014338,1,88000000014383
89000000014339,1,88000000012852
89000000014340,1,88000000015134
89000000014342,1,88000000013939
89000000014345,1,88000000015482
89000000014346,1,88000000017308
89000000014347,1,88000000014080
89000000014348,1,88000000014424
89000000014351,1,88000000014779
89000000014352,1,88000000013046
89000000014353,1,88000000016185
89000000014354,1,88000000014653
89000000014355,1,88000000014229
89000000014357,1,88000000013903
89000000014358,1,88000000014338
89000000014359,1,88000000014142
89000000014360,1,88000000014901
89000000014361,1,88000000015045
89000000014363,1,88000000015711
89000000014364,1,88000000014803
89000000014365,1,88000000014851
89000000014366,1,88000000015584
89000000014368,1,88000000015174
89000000014369,1,88000000014848
89000000014371,1,88000000015757
89000000014372,1,88000000013203
89000000014373,1,88000000014664
89000000014374,1,88000000014116
89000000014375,1,88000000014773
89000000014376,1,88000000014077
89000000014378,1,88000000012902
89000000014379,1,88000000020746
89000000014380,1,88000000014696
89000000014381,1,88000000014076
89000000014382,1,88000000015291
89000000014383,1,88000000013964
89000000014384,1,88000000015093
89000000014385,1,88000000014607
89000000014386,1,88000000015060
89000000014387,1,88000000014701
89000000014391,1,88000000015299
89000000014392,1,88000000014341
89000000014393,1,88000000014343
89000000014394,1,88000000014998
89000000014395,1,88000000015133
89000000014396,1,88000000015662
89000000014397,1,88000000015131
89000000014398,1,88000000014768
89000000014399,1,88000000015122
89000000014400,1,88000000014999
89000000014401,1,88000000014877
89000000014402,1,88000000015595
89000000014404,1,88000000014984
89000000014405,1,88000000014730
89000000014406,1,88000000014817
89000000014407,1,88000000014624
89000000014408,1,88000000014914
89000000014409,1,88000000014302
89000000014410,1,88000000017979
89000000014411,1,88000000014298
89000000014412,1,88000000014704
89000000014413,1,88000000014576
89000000014414,1,88000000015241
89000000014416,1,88000000021183
89000000014417,1,88000000014187
89000000014418,1,88000000015004
89000000014419,1,88000000012307
89000000014420,1,88000000014643
89000000014421,1,88000000015825
89000000014422,1,88000000014971
89000000014423,1,88000000015802
89000000014424,1,88000000015068
89000000014425,1,88000000014602
89000000014426,1,88000000014813
89000000014427,1,88000000014129
89000000014428,1,88000000015741
89000000014429,1,88000000014819
89000000014430,1,88000000015317
89000000014431,1,88000000014335
89000000014432,1,88000000015020
89000000014434,1,88000000014588
89000000014435,1,88000000014342
89000000014436,1,88000000015172
89000000014437,1,88000000014283
89000000014438,1,88000000014651
89000000014439,1,88000000014279
89000000014440,1,88000000015459
89000000014441,1,88000000014535
89000000014442,1,88000000017070
89000000014443,1,88000000014140
89000000014445,1,88000000014492
89000000014446,1,88000000014309
89000000014447,1,88000000014378
89000000014448,1,88000000014133
89000000014450,1,88000000014172
89000000014451,1,88000000015125
89000000014452,1,88000000014592
89000000014454,1,88000000013323
89000000014455,1,88000000016051
89000000014456,1,88000000014577
89000000014457,1,88000000014537
89000000014458,1,88000000015210
89000000014459,1,88000000016169
89000000014460,1,88000000014293
89000000014461,1,88000000009139
89000000014462,1,88000000015110
89000000014463,1,88000000016401
89000000014464,1,88000000014806
89000000014465,1,88000000017110
89000000014466,1,88000000014224
89000000014467,1,88000000014515
89000000014468,1,88000000015141
89000000014469,1,88000000014612
89000000014470,1,88000000015026
89000000014471,1,88000000017108
89000000014472,1,88000000015276
89000000014473,1,88000000014206
89000000014474,1,88000000014544
89000000014475,1,88000000014161
89000000014476,1,88000000015262
89000000014477,1,88000000015084
89000000014479,1,88000000013721
89000000014480,1,88000000014271
89000000014481,1,88000000015772
89000000014482,1,88000000014227
89000000014484,1,88000000014736
89000000014485,1,88000000013733
89000000014486,1,88000000017165
89000000014487,1,88000000014796
89000000014488,1,88000000014712
89000000014489,1,88000000012715
89000000014490,1,88000000016112
89000000014491,1,88000000014686
89000000014492,1,88000000014590
89000000014494,1,88000000013247
89000000014495,1,88000000013640
89000000014497,1,88000000014248
89000000014498,1,88000000014956
89000000014499,1,88000000015300
89000000014500,1,88000000015515
89000000014501,1,88000000014703
89000000014502,1,88000000015113
89000000014503,1,88000000014632
89000000014504,1,88000000015957
89000000014505,1,88000000014583
89000000014506,1,88000000015267
89000000014508,1,88000000016829
89000000014509,1,88000000014929
89000000014510,1,88000000013431
89000000014511,1,88000000014326
89000000014512,1,88000000014158
89000000014513,1,88000000014839
89000000014514,1,88000000014253
89000000014515,1,88000000014543
89000000014516,1,88000000014408
89000000014517,1,88000000014640
89000000014518,1,88000000014960
89000000014519,1,88000000014512
89000000014520,1,88000000015098
89000000014521,1,88000000015147
89000000014522,1,88000000014911
89000000014523,1,88000000015418
89000000014525,1,88000000015235
89000000014526,1,88000000014388
89000000014527,1,88000000014595
89000000014529,1,88000000017733
89000000014530,1,88000000015790
89000000014532,1,88000000017153
89000000014533,1,88000000014459
89000000014535,1,88000000014442
89000000014536,1,88000000015268
89000000014537,1,88000000014027
89000000014538,1,88000000015027
89000000014539,1,88000000014311
89000000014541,1,88000000015792
89000000014543,1,88000000014516
89000000014544,1,88000000013950
89000000014546,1,88000000014361
89000000014547,1,88000000015742
89000000014548,1,88000000014545
89000000014549,1,88000000016837
89000000014550,1,88000000015540
89000000014551,1,88000000014561
89000000014552,1,88000000013887
89000000014554,1,88000000015079
89000000014555,1,88000000014910
89000000014556,1,88000000012762
89000000014557,1,88000000014166
89000000014558,1,88000000014865
89000000014559,1,88000000015440
89000000014560,1,88000000014949
89000000014561,1,88000000014399
89000000014562,1,88000000014876
89000000014563,1,88000000018409
89000000014564,1,88000000015487
89000000014565,1,88000000014628
89000000014566,1,88000000014484
89000000014567,1,88000000014176
89000000014568,1,88000000013900
89000000014569,1,88000000014683
89000000014570,1,88000000014909
89000000014571,1,88000000015607
89000000014572,1,88000000014259
89000000014574,1,88000000014549
89000000014575,1,88000000012924
89000000014576,1,88000000014508
89000000014579,1,88000000015225
89000000014580,1,88000000014386
89000000014581,1,88000000014846
89000000014582,1,88000000014771
89000000014583,1,88000000014630
89000000014584,1,88000000017151
89000000014585,1,88000000015073
89000000014586,1,88000000014659
89000000014587,1,88000000014475
89000000014588,1,88000000013016
89000000014589,1,88000000015136
89000000014590,1,88000000015218
89000000014591,1,88000000014213
89000000014592,1,88000000015155
89000000014593,1,88000000014829
89000000014594,1,88000000015888
89000000014595,1,88000000015668
89000000014596,1,88000000014790
89000000014597,1,88000000014465
89000000014598,1,88000000015242
89000000014599,1,88000000014392
89000000014600,1,88000000015451
89000000014601,1,88000000015286
89000000014602,1,88000000014336
89000000014603,1,88000000015476
89000000014604,1,88000000014486
89000000014605,1,88000000014652
89000000014607,1,88000000014757
89000000014610,1,88000000013071
89000000014611,1,88000000015797
89000000014612,1,88000000013807
89000000014613,1,88000000013423
89000000014614,1,88000000015285
89000000014615,1,88000000015548
89000000014616,1,88000000013328
89000000014617,1,88000000014241
89000000014618,1,88000000014874
89000000014619,1,88000000015257
89000000014620,1,88000000014763
89000000014621,1,88000000015630
89000000014622,1,88000000015175
89000000014623,1,88000000015034
89000000014624,1,88000000014731
89000000014625,1,88000000013991
89000000014626,1,88000000015826
89000000014628,1,88000000014792
89000000014629,1,88000000014056
89000000014630,1,88000000014767
89000000014631,1,88000000014461
89000000014632,1,88000000014769
89000000014633,1,88000000014500
89000000014635,1,88000000017344
89000000014636,1,88000000014944
89000000014637,1,88000000015244
89000000014638,1,88000000014855
89000000014641,1,88000000013826
89000000014644,1,88000000014570
89000000014645,1,88000000015574
89000000014646,1,88000000016002
89000000014647,1,88000000015384
89000000014648,1,88000000015306
89000000014649,1,88000000015714
89000000014650,1,88000000014230
89000000014651,1,88000000015415
89000000014652,1,88000000015010
89000000014653,1,88000000016011
89000000014654,1,88000000014815
89000000014655,1,88000000014626
89000000014656,1,88000000016134
89000000014657,1,88000000015555
89000000014658,1,88000000014761
89000000014659,1,88000000013458
89000000014660,1,88000000014065
89000000014661,1,88000000017431
89000000014662,1,88000000014195
89000000014663,1,88000000014307
89000000014664,1,88000000014081
89000000014665,1,88000000014634
89000000014666,1,88000000010116
89000000014667,1,88000000013812
89000000014670,1,88000000013742
89000000014671,1,88000000014015
89000000014672,1,88000000017585
89000000014673,1,88000000014692
89000000014674,1,88000000014754
89000000014675,1,88000000015030
89000000014676,1,88000000012764
89000000014678,1,88000000014104
89000000014679,1,88000000014445
89000000014681,1,88000000014742
89000000014682,1,88000000014981
89000000014683,1,88000000014918
89000000014684,1,88000000015983
89000000014686,1,88000000015311
89000000014687,1,88000000014044
89000000014689,1,88000000014838
89000000014690,1,88000000013744
89000000014692,1,88000000015950
89000000014693,1,88000000014810
89000000014694,1,88000000015036
89000000014695,1,88000000015750
89000000014696,1,88000000015264
89000000014697,1,88000000014856
89000000014698,1,88000000015935
89000000014699,1,88000000014649
89000000014700,1,88000000014111
89000000014701,1,88000000014097
89000000014702,1,88000000014563
89000000014703,1,88000000015184
89000000014704,1,88000000014332
89000000014705,1,88000000012665
89000000014706,1,88000000015644
89000000014707,1,88000000015078
89000000014708,1,88000000018602
89000000014709,1,88000000015161
89000000014711,1,88000000013090
89000000014712,1,88000000015213
89000000014713,1,88000000014679
89000000014714,1,88000000013040
89000000014715,1,88000000014799
89000000014716,1,88000000015640
89000000014717,1,88000000014400
89000000014718,1,88000000011901
89000000014720,1,88000000017339
89000000014721,1,88000000014758
89000000014723,1,88000000014181
89000000014725,1,88000000015074
89000000014726,1,88000000014485
89000000014728,1,88000000016197
89000000014729,1,88000000014760
89000000014730,1,88000000014553
89000000014731,1,88000000014591
89000000014732,1,88000000013290
89000000014733,1,88000000013806
89000000014734,1,88000000014648
89000000014735,1,88000000014654
89000000014736,1,88000000014429
89000000014737,1,88000000014932
89000000014738,1,88000000014067
89000000014739,1,88000000013398
89000000014740,1,88000000014668
89000000014741,1,88000000015866
89000000014742,1,88000000014968
89000000014744,1,88000000011682
89000000014745,1,88000000013752
89000000014746,1,88000000014879
89000000014747,1,88000000014625
89000000014750,1,88000000013522
89000000014751,1,88000000014029
89000000014752,1,88000000014258
89000000014753,1,88000000012808
89000000014754,1,88000000013773
89000000014756,1,88000000016967
89000000014757,1,88000000014568
89000000014758,1,88000000013720
89000000014759,1,88000000014725
89000000014760,1,88000000015794
89000000014761,1,88000000014310
89000000014763,1,88000000015229
89000000014764,1,88000000015734
89000000014765,1,88000000014780
89000000014766,1,88000000014524
89000000014767,1,88000000015200
89000000014768,1,88000000014054
89000000014769,1,88000000014513
89000000014770,1,88000000014688
89000000014771,1,88000000014637
89000000014772,1,88000000015137
89000000014773,1,88000000014575
89000000014774,1,88000000015107
89000000014775,1,88000000015232
89000000014776,1,88000000014506
89000000014777,1,88000000013946
89000000014778,1,88000000014357
89000000014779,1,88000000014946
89000000014780,1,88000000014004
89000000014782,1,88000000015583
89000000014784,1,88000000014505
89000000014785,1,88000000013963
89000000014786,1,88000000015443
89000000014787,1,88000000014509
89000000014788,1,88000000014645
89000000014789,1,88000000014930
89000000014790,1,88000000012976
89000000014792,1,88000000012568
89000000014793,1,88000000015395
89000000014794,1,88000000015069
89000000014795,1,88000000021131
89000000014796,1,88000000014739
89000000014797,1,88000000014986
89000000014798,1,88000000014939
89000000014799,1,88000000014705
89000000014800,1,88000000015022
89000000014801,1,88000000014450
89000000014803,1,88000000014655
89000000014804,1,88000000014477
89000000014806,1,88000000015063
89000000014807,1,88000000014881
89000000014808,1,88000000016700
89000000014809,1,88000000014494
89000000014810,1,88000000015744
89000000014811,1,88000000015537
89000000014812,1,88000000015153
89000000014813,1,88000000013906
89000000014814,1,88000000013187
89000000014815,1,88000000016784
89000000014816,1,88000000014996
89000000014817,1,88000000014268
89000000014818,1,88000000013730
89000000014819,1,88000000016373
89000000014820,1,88000000017437
89000000014824,1,88000000016692
89000000014825,1,88000000015217
89000000014826,1,88000000014959
89000000014827,1,88000000014953
89000000014828,1,88000000014049
89000000014829,1,88000000015168
89000000014830,1,88000000015907
89000000014831,1,88000000017217
89000000014832,1,88000000014236
89000000014833,1,88000000015095
89000000014834,1,88000000015000
89000000014835,1,88000000014777
89000000014837,1,88000000014333
89000000014838,1,88000000015126
89000000014839,1,88000000014906
89000000014840,1,88000000015139
89000000014841,1,88000000012945
89000000014842,1,88000000014355
89000000014843,1,88000000014349
89000000014844,1,88000000015652
89000000014845,1,88000000015071
89000000014846,1,88000000015429
89000000014847,1,88000000015202
89000000014848,1,88000000014719
89000000014849,1,88000000015912
89000000014853,1,88000000014482
89000000014854,1,88000000014974
89000000014855,1,88000000015474
89000000014856,1,88000000014861
89000000014857,1,88000000015037
89000000014858,1,88000000016627
89000000014859,1,88000000016123
89000000014860,1,88000000015092
89000000014861,1,88000000014250
89000000014862,1,88000000014584
89000000014863,1,88000000015445
89000000014864,1,88000000015851
89000000014865,1,88000000015704
89000000014866,1,88000000014182
89000000014867,1,88000000015006
89000000014868,1,88000000015485
89000000014869,1,88000000014058
89000000014870,1,88000000011891
89000000014871,1,88000000014991
89000000014872,1,88000000015191
89000000014873,1,88000000014551
89000000014875,1,88000000014934
89000000014876,1,88000000015207
89000000014877,1,88000000012463
89000000014878,1,88000000015351
89000000014879,1,88000000015001
89000000014880,1,88000000015105
89000000014881,1,88000000017451
89000000014882,1,88000000015725
89000000014883,1,88000000019041
89000000014884,1,88000000015428
89000000014885,1,88000000014348
89000000014887,1,88000000014145
89000000014888,1,88000000015722
89000000014889,1,88000000018169
89000000014890,1,88000000015701
89000000014891,1,88000000015158
89000000014892,1,88000000014707
89000000014893,1,88000000016113
89000000014895,1,88000000014892
89000000014896,1,88000000014907
89000000014897,1,88000000014912
89000000014899,1,88000000014616
89000000014900,1,88000000014983
89000000014901,1,88000000014139
89000000014903,1,88000000012314
89000000014905,1,88000000015002
89000000014906,1,88000000014369
89000000014907,1,88000000014022
89000000014908,1,88000000015308
89000000014909,1,88000000014862
89000000014910,1,88000000015029
89000000014912,1,88000000011661
89000000014913,1,88000000015204
89000000014915,1,88000000015088
89000000014916,1,88000000015349
89000000014919,1,88000000014599
89000000014920,1,88000000015237
89000000014921,1,88000000015227
89000000014922,1,88000000014992
89000000014923,1,88000000015673
89000000014924,1,88000000018487
89000000014925,1,88000000013296
89000000014926,1,88000000014966
89000000014927,1,88000000015651
89000000014928,1,88000000015969
89000000014931,1,88000000017466
89000000014932,1,88000000015316
89000000014933,1,88000000015003
89000000014934,1,88000000020204
89000000014935,1,88000000014671
89000000014936,1,88000000016149
89000000014937,1,88000000015641
89000000014938,1,88000000018646
89000000014939,1,88000000014840
89000000014941,1,88000000015697
89000000014942,1,88000000015260
89000000014944,1,88000000014192
89000000014945,1,88000000016870
89000000014947,1,88000000015542
89000000014948,1,88000000014715
89000000014949,1,88000000014857
89000000014950,1,88000000015718
89000000014953,1,88000000014828
89000000014954,1,88000000014853
89000000014955,1,88000000014895
89000000014956,1,88000000013168
89000000014957,1,88000000014604
89000000014958,1,88000000014699
89000000014959,1,88000000014842
89000000014960,1,88000000015615
89000000014961,1,88000000014188
89000000014962,1,88000000016182
89000000014964,1,88000000015294
89000000014965,1,88000000015146
89000000014966,1,88000000015986
89000000014967,1,88000000016469
89000000014968,1,88000000016748
89000000014969,1,88000000015292
89000000014970,1,88000000015182
89000000014971,1,88000000014925
89000000014972,1,88000000015193
89000000014973,1,88000000015194
89000000014975,1,88000000015187
89000000014976,1,88000000015377
89000000014977,1,88000000016575
89000000014978,1,88000000015791
89000000014979,1,88000000015228
89000000014980,1,88000000015303
89000000014981,1,88000000013357
89000000014982,1,88000000014546
89000000014983,1,88000000014518
89000000014986,1,88000000014716
89000000014987,1,88000000015310
89000000014988,1,88000000014243
89000000014989,1,88000000015238
89000000014990,1,88000000015318
89000000014991,1,88000000014928
89000000014992,1,88000000015106
89000000014993,1,88000000015519
89000000014996,1,88000000015320
89000000014997,1,88000000009892
89000000014998,1,88000000015621
89000000014999,1,88000000014721
89000000015003,1,88000000015024
89000000015004,1,88000000015661
89000000015005,1,88000000014868
89000000015006,1,88000000015390
89000000015007,1,88000000015236
89000000015009,1,88000000018863
89000000015010,1,88000000013918
89000000015011,1,88000000014836
89000000015012,1,88000000013560
89000000015013,1,88000000014532
89000000015014,1,88000000015099
89000000015015,1,88000000016564
89000000015017,1,88000000014571
89000000015018,1,88000000014539
89000000015019,1,88000000014980
89000000015020,1,88000000015920
89000000015021,1,88000000011897
89000000015022,1,88000000015925
89000000015023,1,88000000015413
89000000015024,1,88000000015389
89000000015025,1,88000000015842
89000000015026,1,88000000015391
89000000015027,1,88000000016907
89000000015028,1,88000000015340
89000000015029,1,88000000015090
89000000015030,1,88000000015816
89000000015032,1,88000000013201
89000000015033,1,88000000015047
89000000015034,1,88000000014663
89000000015035,1,88000000014793
89000000015036,1,88000000016272
89000000015037,1,88000000014945
89000000015039,1,88000000015743
89000000015040,1,88000000014376
89000000015041,1,88000000015637
89000000015042,1,88000000014802
89000000015043,1,88000000015077
89000000015044,1,88000000015082
89000000015045,1,88000000015513
89000000015048,1,88000000014493
89000000015052,1,88000000016681
89000000015054,1,88000000013912
89000000015056,1,88000000014431
89000000015057,1,88000000015437
89000000015058,1,88000000012167
89000000015059,1,88000000015116
89000000015060,1,88000000008883
89000000015062,1,88000000015625
89000000015063,1,88000000014598
89000000015064,1,88000000015065
89000000015066,1,88000000015458
89000000015067,1,88000000015645
89000000015068,1,88000000017109
89000000015069,1,88000000014916
89000000015071,1,88000000015214
89000000015072,1,88000000015282
89000000015073,1,88000000015906
89000000015075,1,88000000014132
89000000015076,1,88000000015097
89000000015077,1,88000000014897
89000000015078,1,88000000015270
89000000015079,1,88000000015355
89000000015080,1,88000000013896
89000000015081,1,88000000014729
89000000015082,1,88000000014843
89000000015083,1,88000000019470
89000000015084,1,88000000015011
89000000015085,1,88000000015186
89000000015086,1,88000000016086
89000000015087,1,88000000014745
89000000015088,1,88000000014860
89000000015089,1,88000000014908
89000000015090,1,88000000015995
89000000015092,1,88000000015321
89000000015093,1,88000000015905
89000000015094,1,88000000014902
89000000015095,1,88000000014203
89000000015096,1,88000000014621
89000000015097,1,88000000015345
89000000015098,1,88000000014082
89000000015099,1,88000000015944
89000000015100,1,88000000016604
89000000015101,1,88000000015968
89000000015103,1,88000000016608
89000000015105,1,88000000016198
89000000015106,1,88000000014085
89000000015107,1,88000000014601
89000000015108,1,88000000015278
89000000015109,1,88000000014893
89000000015110,1,88000000015331
89000000015111,1,88000000015197
89000000015112,1,88000000014884
89000000015113,1,88000000015699
89000000015114,1,88000000016619
89000000015115,1,88000000015659
89000000015116,1,88000000014313
89000000015117,1,88000000014772
89000000015118,1,88000000015013
89000000015119,1,88000000015271
89000000015120,1,88000000015052
89000000015122,1,88000000015360
89000000015123,1,88000000015295
89000000015126,1,88000000014550
89000000015127,1,88000000015435
89000000015128,1,88000000013124
89000000015129,1,88000000017307
89000000015130,1,88000000015875
89000000015131,1,88000000014970
89000000015132,1,88000000015255
89000000015134,1,88000000014608
89000000015136,1,88000000015368
89000000015138,1,88000000015070
89000000015139,1,88000000015373
89000000015140,1,88000000017991
89000000015141,1,88000000015664
89000000015142,1,88000000017430
89000000015143,1,88000000015226
89000000015144,1,88000000015249
89000000015145,1,88000000014594
89000000015146,1,88000000014522
89000000015147,1,88000000014891
89000000015148,1,88000000015897
89000000015149,1,88000000015132
89000000015150,1,88000000015684
89000000015152,1,88000000016782
89000000015153,1,88000000015067
89000000015154,1,88000000015018
89000000015156,1,88000000016798
89000000015158,1,88000000014858
89000000015159,1,88000000015671
89000000015160,1,88000000015776
89000000015162,1,88000000014578
89000000015163,1,88000000015123
89000000015164,1,88000000015508
89000000015165,1,88000000014973
89000000015167,1,88000000013863
89000000015168,1,88000000016015
89000000015169,1,88000000015729
89000000015170,1,88000000014675
89000000015171,1,88000000015173
89000000015172,1,88000000019471
89000000015173,1,88000000011796
89000000015175,1,88000000015688
89000000015176,1,88000000015118
89000000015177,1,88000000015646
89000000015178,1,88000000014957
89000000015179,1,88000000015680
89000000015181,1,88000000017230
89000000015183,1,88000000015720
89000000015184,1,88000000015354
89000000015185,1,88000000015043
89000000015186,1,88000000015471
89000000015187,1,88000000015531
89000000015188,1,88000000015195
89000000015190,1,88000000016840
89000000015191,1,88000000015524
89000000015192,1,88000000014631
89000000015193,1,88000000015603
89000000015195,1,88000000015252
89000000015196,1,88000000017127
89000000015197,1,88000000015096
89000000015198,1,88000000014905
89000000015199,1,88000000014170
89000000015200,1,88000000015576
89000000015201,1,88000000015325
89000000015202,1,88000000014618
89000000015203,1,88000000014497
89000000015204,1,88000000016136
89000000015205,1,88000000017841
89000000015206,1,88000000014872
89000000015207,1,88000000015058
89000000015209,1,88000000014154
89000000015211,1,88000000014646
89000000015212,1,88000000015530
89000000015213,1,88000000015444
89000000015216,1,88000000016477
89000000015217,1,88000000011919
89000000015218,1,88000000015119
89000000015220,1,88000000015610
89000000015221,1,88000000014963
89000000015222,1,88000000015469
89000000015223,1,88000000015209
89000000015224,1,88000000014231
89000000015225,1,88000000013523
89000000015226,1,88000000015240
89000000015228,1,88000000017695
89000000015229,1,88000000014873
89000000015230,1,88000000015124
89000000015231,1,88000000015498
89000000015232,1,88000000014809
89000000015234,1,88000000014961
89000000015235,1,88000000014153
89000000015236,1,88000000013341
89000000015238,1,88000000014720
89000000015239,1,88000000014887
89000000015240,1,88000000014581
89000000015241,1,88000000015314
89000000015242,1,88000000015635
89000000015243,1,88000000015783
89000000015244,1,88000000015322
89000000015245,1,88000000014589
89000000015246,1,88000000014797
89000000015248,1,88000000015393
89000000015249,1,88000000017338
89000000015250,1,88000000015703
89000000015251,1,88000000015665
89000000015252,1,88000000020094
89000000015253,1,88000000015694
89000000015255,1,88000000017425
89000000015256,1,88000000015468
89000000015257,1,88000000015598
89000000015258,1,88000000016253
89000000015259,1,88000000018352
89000000015260,1,88000000015589
89000000015261,1,88000000015550
89000000015262,1,88000000015592
89000000015263,1,88000000014682
89000000015264,1,88000000015506
89000000015265,1,88000000014962
89000000015266,1,88000000015100
89000000015268,1,88000000015080
89000000015269,1,88000000014527
89000000015270,1,88000000015786
89000000015272,1,88000000015594
89000000015273,1,88000000016130
89000000015275,1,88000000015978
89000000015276,1,88000000015882
89000000015277,1,88000000015254
89000000015279,1,88000000014308
89000000015280,1,88000000016264
89000000015281,1,88000000016324
89000000015282,1,88000000015687
89000000015283,1,88000000014811
89000000015284,1,88000000018523
89000000015285,1,88000000016901
89000000015286,1,88000000015611
89000000015287,1,88000000015394
89000000015288,1,88000000015549
89000000015289,1,88000000015672
89000000015290,1,88000000016377
89000000015291,1,88000000016060
89000000015292,1,88000000015604
89000000015293,1,88000000017974
89000000015294,1,88000000016991
89000000015295,1,88000000014239
89000000015296,1,88000000014642
89000000015297,1,88000000014894
89000000015298,1,88000000015343
89000000015299,1,88000000015330
89000000015300,1,88000000016047
89000000015301,1,88000000015359
89000000015303,1,88000000016865
89000000015304,1,88000000016225
89000000015305,1,88000000016235
89000000015306,1,88000000016207
89000000015307,1,88000000015597
89000000015309,1,88000000015416
89000000015310,1,88000000014943
89000000015311,1,88000000015432
89000000015313,1,88000000016144
89000000015314,1,88000000016301
89000000015315,1,88000000017717
89000000015316,1,88000000015883
89000000015317,1,88000000018636
89000000015318,1,88000000015111
89000000015319,1,88000000013719
89000000015320,1,88000000015127
89000000015321,1,88000000014753
89000000015322,1,88000000016053
89000000015323,1,88000000016093
89000000015324,1,88000000015682
89000000015325,1,88000000015836
89000000015326,1,88000000016810
89000000015327,1,88000000014562
89000000015328,1,88000000016252
89000000015329,1,88000000015449
89000000015330,1,88000000018118
89000000015331,1,88000000014770
89000000015332,1,88000000016137
89000000015333,1,88000000015738
89000000015334,1,88000000015243
89000000015335,1,88000000015431
89000000015336,1,88000000015248
89000000015337,1,88000000016880
89000000015338,1,88000000016831
89000000015339,1,88000000015931
89000000015340,1,88000000014511
89000000015341,1,88000000015383
89000000015342,1,88000000015121
89000000015343,1,88000000015889
89000000015344,1,88000000015016
89000000015345,1,88000000015426
89000000015346,1,88000000015145
89000000015347,1,88000000015408
89000000015348,1,88000000015765
89000000015349,1,88000000015115
89000000015350,1,88000000015560
89000000015351,1,88000000015387
89000000015354,1,88000000013606
89000000015355,1,88000000014814
89000000015356,1,88000000015557
89000000015357,1,88000000012586
89000000015358,1,88000000015571
89000000015359,1,88000000015177
89000000015361,1,88000000016845
89000000015362,1,88000000015638
89000000015363,1,88000000015495
89000000015364,1,88000000016737
89000000015365,1,88000000016256
89000000015366,1,88000000015455
89000000015368,1,88000000015192
89000000015369,1,88000000015813
89000000015370,1,88000000015025
89000000015371,1,88000000012740
89000000015373,1,88000000015441
89000000015374,1,88000000015556
89000000015375,1,88000000015477
89000000015376,1,88000000015971
89000000015377,1,88000000015332
89000000015378,1,88000000017180
89000000015379,1,88000000015130
89000000015380,1,88000000015799
89000000015381,1,88000000016212
89000000015382,1,88000000015780
89000000015383,1,88000000016553
89000000015384,1,88000000014292
89000000015385,1,88000000015484
89000000015386,1,88000000017062
89000000015387,1,88000000014706
89000000015388,1,88000000017440
89000000015390,1,88000000016701
89000000015391,1,88000000015539
89000000015394,1,88000000016638
89000000015395,1,88000000015536
89000000015396,1,88000000015865
89000000015397,1,88000000015222
89000000015400,1,88000000015580
89000000015401,1,88000000015943
89000000015402,1,88000000015678
89000000015403,1,88000000014433
89000000015404,1,88000000016864
89000000015406,1,88000000016263
89000000015407,1,88000000014919
89000000015408,1,88000000017649
89000000015410,1,88000000015639
89000000015411,1,88000000015947
89000000015412,1,88000000015452
89000000015413,1,88000000014660
89000000015415,1,88000000011263
89000000015416,1,88000000014782
89000000015417,1,88000000015895
89000000015418,1,88000000016801
89000000015419,1,88000000015419
89000000015420,1,88000000016804
89000000015421,1,88000000015649
89000000015422,1,88000000015488
89000000015423,1,88000000015298
89000000015424,1,88000000014468
89000000015425,1,88000000017142
89000000015426,1,88000000015689
89000000015427,1,88000000015196
89000000015428,1,88000000016080
89000000015429,1,88000000015366
89000000015430,1,88000000015552
89000000015433,1,88000000015427
89000000015434,1,88000000014967
89000000015435,1,88000000015007
89000000015437,1,88000000015974
89000000015439,1,88000000015522
89000000015440,1,88000000018500
89000000015441,1,88000000014548
89000000015442,1,88000000015987
89000000015445,1,88000000016534
89000000015446,1,88000000015608
89000000015447,1,88000000016329
89000000015448,1,88000000016646
89000000015449,1,88000000015424
89000000015450,1,88000000015205
89000000015451,1,88000000016331
89000000015452,1,88000000015215
89000000015453,1,88000000015499
89000000015455,1,88000000015942
89000000015456,1,88000000015363
89000000015457,1,88000000014931
89000000015458,1,88000000015346
89000000015459,1,88000000016018
89000000015460,1,88000000016021
89000000015461,1,88000000015633
89000000015462,1,88000000014969
89000000015463,1,88000000010915
89000000015464,1,88000000015296
89000000015465,1,88000000015622
89000000015466,1,88000000015793
89000000015467,1,88000000016098
89000000015469,1,88000000015631
89000000015470,1,88000000014396
89000000015471,1,88000000016160
89000000015472,1,88000000015748
89000000015475,1,88000000015655
89000000015476,1,88000000014743
89000000015477,1,88000000015442
89000000015478,1,88000000015839
89000000015479,1,88000000016509
89000000015480,1,88000000016127
89000000015481,1,88000000015364
89000000015482,1,88000000015038
89000000015483,1,88000000015425
89000000015484,1,88000000017387
89000000015485,1,88000000015144
89000000015486,1,88000000015397
89000000015487,1,88000000015798
89000000015489,1,88000000014821
89000000015490,1,88000000015887
89000000015492,1,88000000017624
89000000015493,1,88000000014135
89000000015494,1,88000000015832
89000000015495,1,88000000015239
89000000015496,1,88000000015745
89000000015497,1,88000000016526
89000000015499,1,88000000015059
89000000015500,1,88000000016001
89000000015501,1,88000000014069
89000000015502,1,88000000016552
89000000015503,1,88000000016302
89000000015504,1,88000000014088
89000000015505,1,88000000014435
89000000015506,1,88000000015702
89000000015507,1,88000000015579
89000000015508,1,88000000015301
89000000015510,1,88000000015521
89000000015511,1,88000000015972
89000000015512,1,88000000015367
89000000015513,1,88000000016044
89000000015514,1,88000000015733
89000000015515,1,88000000016099
89000000015516,1,88000000016787
89000000015517,1,88000000015624
89000000015518,1,88000000015433
89000000015520,1,88000000015491
89000000015521,1,88000000016031
89000000015522,1,88000000016050
89000000015523,1,88000000022536
89000000015524,1,88000000014351
89000000015525,1,88000000014920
89000000015526,1,88000000016282
89000000015527,1,88000000015323
89000000015528,1,88000000015152
89000000015530,1,88000000014174
89000000015531,1,88000000016521
89000000015532,1,88000000015414
89000000015533,1,88000000015914
89000000015534,1,88000000015526
89000000015535,1,88000000016061
89000000015536,1,88000000015372
89000000015537,1,88000000016351
89000000015538,1,88000000014146
89000000015539,1,88000000015009
89000000015540,1,88000000015712
89000000015541,1,88000000014807
89000000015542,1,88000000017484
89000000015543,1,88000000017191
89000000015544,1,88000000015954
89000000015545,1,88000000015529
89000000015546,1,88000000014404
89000000015547,1,88000000015898
89000000015548,1,88000000015350
89000000015549,1,88000000015156
89000000015550,1,88000000012285
89000000015551,1,88000000015747
89000000015552,1,88000000017355
89000000015553,1,88000000016444
89000000015554,1,88000000017320
89000000015555,1,88000000016437
89000000015556,1,88000000016456
89000000015557,1,88000000018950
89000000015558,1,88000000015509
89000000015559,1,88000000016148
89000000015560,1,88000000016853
89000000015561,1,88000000017694
89000000015562,1,88000000015778
89000000015564,1,88000000016495
89000000015565,1,88000000015564
89000000015566,1,88000000016883
89000000015567,1,88000000015894
89000000015569,1,88000000015511
89000000015570,1,88000000014989
89000000015571,1,88000000016106
89000000015572,1,88000000015781
89000000015573,1,88000000015512
89000000015576,1,88000000015053
89000000015577,1,88000000017433
89000000015579,1,88000000015404
89000000015583,1,88000000015423
89000000015584,1,88000000014798
89000000015585,1,88000000014774
89000000015586,1,88000000014684
89000000015587,1,88000000013126
89000000015588,1,88000000016091
89000000015589,1,88000000014238
89000000015591,1,88000000015454
89000000015592,1,88000000017637
89000000015593,1,88000000015955
89000000015595,1,88000000014305
89000000015596,1,88000000016542
89000000015598,1,88000000015490
89000000015599,1,88000000015279
89000000015601,1,88000000015263
89000000015602,1,88000000014713
89000000015604,1,88000000018959
89000000015605,1,88000000017470
89000000015606,1,88000000015753
89000000015607,1,88000000014350
89000000015608,1,88000000016862
89000000015609,1,88000000017210
89000000015612,1,88000000015463
89000000015613,1,88000000016167
89000000015615,1,88000000016470
89000000015616,1,88000000018528
89000000015617,1,88000000015211
89000000015618,1,88000000015593
89000000015619,1,88000000015804
89000000015620,1,88000000015436
89000000015621,1,88000000015434
89000000015622,1,88000000015129
89000000015625,1,88000000016623
89000000015626,1,88000000016425
89000000015627,1,88000000014487
89000000015628,1,88000000016949
89000000015629,1,88000000015838
89000000015630,1,88000000018827
89000000015631,1,88000000012387
89000000015632,1,88000000019898
89000000015633,1,88000000016570
89000000015634,1,88000000014955
89000000015635,1,88000000016861
89000000015637,1,88000000015089
89000000015638,1,88000000016339
89000000015640,1,88000000016988
89000000015641,1,88000000014748
89000000015642,1,88000000014837
89000000015643,1,88000000015288
89000000015644,1,88000000016226
89000000015645,1,88000000015496
89000000015646,1,88000000020609
89000000015647,1,88000000016640
89000000015649,1,88000000016147
89000000015650,1,88000000013310
89000000015651,1,88000000014514
89000000015652,1,88000000016546
89000000015654,1,88000000014936
89000000015655,1,88000000016978
89000000015656,1,88000000015464
89000000015657,1,88000000018709
89000000015658,1,88000000015759
89000000015660,1,88000000015710
89000000015661,1,88000000015657
89000000015664,1,88000000015220
89000000015665,1,88000000014976
89000000015666,1,88000000015956
89000000015667,1,88000000015170
89000000015668,1,88000000016237
89000000015669,1,88000000016107
89000000015670,1,88000000016135
89000000015671,1,88000000015732
89000000015673,1,88000000015970
89000000015675,1,88000000015806
89000000015676,1,88000000016626
89000000015677,1,88000000015656
89000000015678,1,88000000016027
89000000015680,1,88000000016716
89000000015682,1,88000000015516
89000000015684,1,88000000014938
89000000015685,1,88000000015708
89000000015686,1,88000000015163
89000000015687,1,88000000015787
89000000015689,1,88000000016055
89000000015690,1,88000000016636
89000000015691,1,88000000016239
89000000015692,1,88000000016308
89000000015693,1,88000000015811
89000000015695,1,88000000016758
89000000015696,1,88000000017434
89000000015697,1,88000000016072
89000000015698,1,88000000015871
89000000015699,1,88000000016786
89000000015700,1,88000000016486
89000000015701,1,88000000016610
89000000015702,1,88000000016812
89000000015703,1,88000000016290
89000000015704,1,88000000019573
89000000015705,1,88000000017274
89000000015706,1,88000000017623
89000000015707,1,88000000016077
89000000015708,1,88000000015846
89000000015709,1,88000000016122
89000000015710,1,88000000016228
89000000015711,1,88000000015543
89000000015712,1,88000000016171
89000000015713,1,88000000014922
89000000015714,1,88000000016054
89000000015715,1,88000000014923
89000000015716,1,88000000014859
89000000015717,1,88000000016955
89000000015719,1,88000000016966
89000000015720,1,88000000016138
89000000015721,1,88000000016562
89000000015722,1,88000000017052
89000000015723,1,88000000016891
89000000015724,1,88000000018156
89000000015725,1,88000000015541
89000000015726,1,88000000016298
89000000015727,1,88000000015614
89000000015728,1,88000000016214
89000000015729,1,88000000016843
89000000015734,1,88000000015818
89000000015735,1,88000000016788
89000000015739,1,88000000017453
89000000015740,1,88000000015768
89000000015742,1,88000000015815
89000000015743,1,88000000015588
89000000015744,1,88000000015911
89000000015745,1,88000000017001
89000000015746,1,88000000016799
89000000015747,1,88000000014536
89000000015750,1,88000000014994
89000000015751,1,88000000014502
89000000015752,1,88000000018093
89000000015753,1,88000000016020
89000000015754,1,88000000016306
89000000015755,1,88000000016008
89000000015756,1,88000000016484
89000000015758,1,88000000015963
89000000015759,1,88000000015952
89000000015760,1,88000000016277
89000000015762,1,88000000017046
89000000015763,1,88000000016419
89000000015764,1,88000000016559
89000000015765,1,88000000016132
89000000015767,1,88000000015693
89000000015768,1,88000000016170
89000000015769,1,88000000015632
89000000015770,1,88000000016034
89000000015771,1,88000000016685
89000000015772,1,88000000016733
89000000015773,1,88000000018828
89000000015774,1,88000000015976
89000000015775,1,88000000015381
89000000015776,1,88000000016463
89000000015777,1,88000000015250
89000000015778,1,88000000016631
89000000015779,1,88000000015497
89000000015780,1,88000000017068
89000000015781,1,88000000015005
89000000015784,1,88000000015901
89000000015785,1,88000000017139
89000000015786,1,88000000016911
89000000015787,1,88000000016504
89000000015788,1,88000000016317
89000000015789,1,88000000015534
89000000015790,1,88000000020090
89000000015791,1,88000000016745
89000000015792,1,88000000015939
89000000015793,1,88000000016487
89000000015796,1,88000000017072
89000000015797,1,88000000016513
89000000015798,1,88000000014495
89000000015799,1,88000000016718
89000000015800,1,88000000017314
89000000015801,1,88000000016041
89000000015802,1,88000000015503
89000000015803,1,88000000016067
89000000015804,1,88000000016043
89000000015805,1,88000000016297
89000000015806,1,88000000016244
89000000015807,1,88000000015357
89000000015808,1,88000000017396
89000000015809,1,88000000016068
89000000015810,1,88000000016102
89000000015811,1,88000000018066
89000000015812,1,88000000016809
89000000015813,1,88000000015601
89000000015814,1,88000000015698
89000000015815,1,88000000015727
89000000015816,1,88000000017269
89000000015818,1,88000000015763
89000000015819,1,88000000016075
89000000015820,1,88000000015965
89000000015821,1,88000000017786
89000000015822,1,88000000016411
89000000015823,1,88000000015265
89000000015824,1,88000000015486
89000000015825,1,88000000016199
89000000015826,1,88000000016326
89000000015827,1,88000000015879
89000000015828,1,88000000016238
89000000015829,1,88000000014750
89000000015830,1,88000000016313
89000000015831,1,88000000014650
89000000015833,1,88000000016246
89000000015835,1,88000000016599
89000000015836,1,88000000015546
89000000015837,1,88000000015140
89000000015838,1,88000000018647
89000000015840,1,88000000016491
89000000015841,1,88000000016747
89000000015842,1,88000000016266
89000000015843,1,88000000016017
89000000015844,1,88000000015996
89000000015845,1,88000000015809
89000000015846,1,88000000012554
89000000015847,1,88000000016807
89000000015848,1,88000000018786
89000000015849,1,88000000015669
89000000015850,1,88000000016908
89000000015851,1,88000000016606
89000000015852,1,88000000014993
89000000015853,1,88000000014741
89000000015854,1,88000000017141
89000000015855,1,88000000012081
89000000015856,1,88000000016187
89000000015857,1,88000000017750
89000000015858,1,88000000017104
89000000015859,1,88000000016355
89000000015861,1,88000000015822
89000000015863,1,88000000015924
89000000015864,1,88000000016471
89000000015865,1,88000000014882
89000000015866,1,88000000016752
89000000015867,1,88000000016904
89000000015868,1,88000000017190
89000000015870,1,88000000013791
89000000015871,1,88000000017305
89000000015873,1,88000000014678
89000000015874,1,88000000016309
89000000015875,1,88000000015224
89000000015876,1,88000000016124
89000000015877,1,88000000016125
89000000015880,1,88000000016208
89000000015881,1,88000000015984
89000000015882,1,88000000016427
89000000015883,1,88000000014698
89000000015884,1,88000000016779
89000000015885,1,88000000015569
89000000015886,1,88000000015770
89000000015887,1,88000000016565
89000000015888,1,88000000014455
89000000015889,1,88000000016161
89000000015890,1,88000000017003
89000000015891,1,88000000015805
89000000015893,1,88000000016868
89000000015895,1,88000000015165
89000000015896,1,88000000016327
89000000015897,1,88000000016460
89000000015898,1,88000000016022
89000000015901,1,88000000016440
89000000015902,1,88000000015904
89000000015903,1,88000000016318
89000000015904,1,88000000016104
89000000015905,1,88000000016990
89000000015907,1,88000000014954
89000000015908,1,88000000014889
89000000015909,1,88000000016859
89000000015910,1,88000000015830
89000000015911,1,88000000016332
89000000015912,1,88000000019519
89000000015913,1,88000000016090
89000000015914,1,88000000015409
89000000015915,1,88000000016213
89000000015916,1,88000000016510
89000000015917,1,88000000016694
89000000015918,1,88000000018368
89000000015919,1,88000000015756
89000000015921,1,88000000016032
89000000015922,1,88000000016254
89000000015925,1,88000000015929
89000000015927,1,88000000016602
89000000015928,1,88000000015457
89000000015929,1,88000000017236
89000000015930,1,88000000015916
89000000015933,1,88000000018413
89000000015935,1,88000000015959
89000000015936,1,88000000015396
89000000015937,1,88000000015352
89000000015938,1,88000000016927
89000000015939,1,88000000016549
89000000015941,1,88000000017323
89000000015942,1,88000000015716
89000000015943,1,88000000016593
89000000015945,1,88000000016028
89000000015946,1,88000000018082
89000000015947,1,88000000016856
89000000015948,1,88000000015961
89000000015950,1,88000000016514
89000000015951,1,88000000016219
89000000015952,1,88000000016159
89000000015953,1,88000000016089
89000000015954,1,88000000019080
89000000015956,1,88000000015675
89000000015958,1,88000000016624
89000000015959,1,88000000016323
89000000015960,1,88000000015919
89000000015961,1,88000000016894
89000000015962,1,88000000016255
89000000015963,1,88000000016029
89000000015964,1,88000000016180
89000000015966,1,88000000014924
89000000015967,1,88000000016872
89000000015968,1,88000000015501
89000000015969,1,88000000017293
89000000015970,1,88000000011863
89000000015971,1,88000000015293
89000000015972,1,88000000015930
89000000015973,1,88000000013929
89000000015977,1,88000000016064
89000000015979,1,88000000016699
89000000015980,1,88000000016177
89000000015981,1,88000000017442
89000000015982,1,88000000016204
89000000015983,1,88000000016321
89000000015984,1,88000000018877
89000000015985,1,88000000015881
89000000015986,1,88000000015706
89000000015987,1,88000000016811
89000000015988,1,88000000015872
89000000015989,1,88000000015903
89000000015990,1,88000000016058
89000000015991,1,88000000015667
89000000015992,1,88000000017959
89000000015993,1,88000000015517
89000000015994,1,88000000015964
89000000015996,1,88000000017531
89000000015997,1,88000000016383
89000000015998,1,88000000016006
89000000015999,1,88000000015481
89000000016000,1,88000000014510
89000000016001,1,88000000016674
89000000016002,1,88000000015878
89000000016003,1,88000000015724
89000000016005,1,88000000016150
89000000016006,1,88000000010806
89000000016007,1,88000000018661
89000000016008,1,88000000015480
89000000016010,1,88000000015545
89000000016011,1,88000000015709
89000000016012,1,88000000015890
89000000016013,1,88000000016117
89000000016014,1,88000000015728
89000000016015,1,88000000015447
89000000016016,1,88000000016152
89000000016017,1,88000000015341
89000000016018,1,88000000014444
89000000016019,1,88000000016005
89000000016020,1,88000000016369
89000000016021,1,88000000015902
89000000016023,1,88000000015577
89000000016025,1,88000000016362
89000000016026,1,88000000015831
89000000016027,1,88000000015617
89000000016029,1,88000000015841
89000000016030,1,88000000017394
89000000016031,1,88000000015573
89000000016032,1,88000000016639
89000000016033,1,88000000016492
89000000016035,1,88000000015478
89000000016036,1,88000000016057
89000000016037,1,88000000017638
89000000016039,1,88000000016082
89000000016040,1,88000000014144
89000000016041,1,88000000015370
89000000016042,1,88000000015151
89000000016044,1,88000000016762
89000000016046,1,88000000017907
89000000016047,1,88000000016535
89000000016048,1,88000000015247
89000000016050,1,88000000015439
89000000016051,1,88000000016316
89000000016052,1,88000000015315
89000000016053,1,88000000020442
89000000016055,1,88000000015932
89000000016056,1,88000000019391
89000000016057,1,88000000015012
89000000016059,1,88000000016658
89000000016060,1,88000000017611
89000000016061,1,88000000016175
89000000016062,1,88000000016780
89000000016063,1,88000000016165
89000000016065,1,88000000016881
89000000016066,1,88000000016216
89000000016067,1,88000000013519
89000000016068,1,88000000016262
89000000016069,1,88000000017702
89000000016070,1,88000000018048
89000000016071,1,88000000016582
89000000016072,1,88000000016322
89000000016073,1,88000000016790
89000000016074,1,88000000015900
89000000016075,1,88000000016038
89000000016076,1,88000000013819
89000000016077,1,88000000016912
89000000016078,1,88000000016268
89000000016079,1,88000000019914
89000000016080,1,88000000016371
89000000016081,1,88000000016007
89000000016082,1,88000000016045
89000000016083,1,88000000017239
89000000016084,1,88000000015335
89000000016085,1,88000000015870
89000000016086,1,88000000016595
89000000016087,1,88000000016434
89000000016088,1,88000000016873
89000000016090,1,88000000016257
89000000016091,1,88000000016035
89000000016092,1,88000000015507
89000000016093,1,88000000016270
89000000016094,1,88000000016126
89000000016095,1,88000000015814
89000000016096,1,88000000015921
89000000016097,1,88000000014880
89000000016098,1,88000000016271
89000000016099,1,88000000015430
89000000016100,1,88000000016139
89000000016101,1,88000000016614
89000000016102,1,88000000016258
89000000016103,1,88000000017087
89000000016104,1,88000000012933
89000000016105,1,88000000015653
89000000016106,1,88000000017193
89000000016107,1,88000000016814
89000000016108,1,88000000016613
89000000016109,1,88000000015891
89000000016111,1,88000000015807
89000000016113,1,88000000016100
89000000016114,1,88000000016286
89000000016115,1,88000000015717
89000000016116,1,88000000017449
89000000016119,1,88000000016097
89000000016121,1,88000000015683
89000000016122,1,88000000015681
89000000016123,1,88000000015502
89000000016124,1,88000000015374
89000000016125,1,88000000015945
89000000016127,1,88000000015861
89000000016129,1,88000000012324
89000000016130,1,88000000015446
89000000016131,1,88000000014921
89000000016132,1,88000000016304
89000000016134,1,88000000017263
89000000016135,1,88000000016129
89000000016136,1,88000000014147
89000000016137,1,88000000016103
89000000016138,1,88000000017405
89000000016140,1,88000000014822
89000000016141,1,88000000018102
89000000016142,1,88000000018125
89000000016143,1,88000000014597
89000000016145,1,88000000016073
89000000016146,1,88000000015623
89000000016148,1,88000000017436
89000000016149,1,88000000016079
89000000016150,1,88000000017857
89000000016151,1,88000000017411
89000000016152,1,88000000013000
89000000016153,1,88000000018777
89000000016154,1,88000000017245
89000000016155,1,88000000015479
89000000016157,1,88000000015460
89000000016158,1,88000000015544
89000000016159,1,88000000016221
89000000016161,1,88000000015602
89000000016162,1,88000000015749
89000000016163,1,88000000016858
89000000016164,1,88000000015844
89000000016165,1,88000000013872
89000000016166,1,88000000022310
89000000016167,1,88000000016818
89000000016168,1,88000000016328
89000000016170,1,88000000016342
89000000016171,1,88000000018525
89000000016173,1,88000000016070
89000000016174,1,88000000016899
89000000016175,1,88000000015975
89000000016176,1,88000000016703
89000000016178,1,88000000019407
89000000016179,1,88000000016900
89000000016180,1,88000000015216
89000000016181,1,88000000020210
89000000016182,1,88000000016877
89000000016183,1,88000000016250
89000000016184,1,88000000015334
89000000016185,1,88000000017376
89000000016186,1,88000000016842
89000000016187,1,88000000015777
89000000016188,1,88000000015773
89000000016189,1,88000000015420
89000000016190,1,88000000017351
89000000016191,1,88000000015988
89000000016192,1,88000000016101
89000000016193,1,88000000016168
89000000016194,1,88000000016372
89000000016195,1,88000000015885
89000000016196,1,88000000015967
89000000016197,1,88000000016283
89000000016198,1,88000000016119
89000000016199,1,88000000015740
89000000016201,1,88000000016841
89000000016202,1,88000000015993
89000000016203,1,88000000016346
89000000016204,1,88000000015948
89000000016206,1,88000000015979
89000000016208,1,88000000016683
89000000016209,1,88000000017529
89000000016210,1,88000000017556
89000000016211,1,88000000015868
89000000016212,1,88000000016163
89000000016213,1,88000000016524
89000000016215,1,88000000015475
89000000016217,1,88000000018295
89000000016220,1,88000000015629
89000000016221,1,88000000016310
89000000016222,1,88000000015376
89000000016223,1,88000000015472
89000000016224,1,88000000016012
89000000016225,1,88000000016755
89000000016226,1,88000000016785
89000000016227,1,88000000013698
89000000016228,1,88000000016617
89000000016230,1,88000000015737
89000000016231,1,88000000010224
89000000016232,1,88000000015169
89000000016233,1,88000000017879
89000000016234,1,88000000019454
89000000016235,1,88000000016071
89000000016236,1,88000000017374
89000000016237,1,88000000016291
89000000016238,1,88000000015154
89000000016239,1,88000000015817
89000000016241,1,88000000016505
89000000016242,1,88000000017513
89000000016243,1,88000000015760
89000000016244,1,88000000016173
89000000016245,1,88000000016698
89000000016247,1,88000000018298
89000000016249,1,88000000016709
89000000016250,1,88000000015663
89000000016251,1,88000000018787
89000000016253,1,88000000016461
89000000016254,1,88000000015949
89000000016256,1,88000000015677
89000000016257,1,88000000016781
89000000016258,1,88000000013359
89000000016259,1,88000000017246
89000000016260,1,88000000016155
89000000016261,1,88000000017855
89000000016262,1,88000000016569
89000000016263,1,88000000017848
89000000016264,1,88000000010360
89000000016265,1,88000000016947
89000000016266,1,88000000016398
89000000016267,1,88000000017816
89000000016268,1,88000000017220
89000000016270,1,88000000015575
89000000016271,1,88000000015642
89000000016273,1,88000000017904
89000000016274,1,88000000016083
89000000016276,1,88000000016420
89000000016277,1,88000000016548
89000000016278,1,88000000016871
89000000016280,1,88000000016288
89000000016281,1,88000000016131
89000000016282,1,88000000015966
89000000016283,1,88000000017561
89000000016284,1,88000000016389
89000000016285,1,88000000017370
89000000016287,1,88000000016426
89000000016288,1,88000000016975
89000000016289,1,88000000016481
89000000016290,1,88000000016399
89000000016291,1,88000000010579
89000000016292,1,88000000017183
89000000016293,1,88000000017357
89000000016294,1,88000000018380
89000000016297,1,88000000012297
89000000016298,1,88000000016680
89000000016299,1,88000000014255
89000000016300,1,88000000015563
89000000016301,1,88000000016279
89000000016302,1,88000000015707
89000000016303,1,88000000016405
89000000016304,1,88000000016695
89000000016305,1,88000000019651
89000000016306,1,88000000017386
89000000016307,1,88000000017168
89000000016308,1,88000000016359
89000000016309,1,88000000017133
89000000016310,1,88000000016172
89000000016311,1,88000000016742
89000000016312,1,88000000017178
89000000016313,1,88000000017814
89000000016314,1,88000000016453
89000000016315,1,88000000016392
89000000016316,1,88000000016092
89000000016317,1,88000000016467
89000000016318,1,88000000017853
89000000016319,1,88000000016815
89000000016320,1,88000000014661
89000000016321,1,88000000017324
89000000016322,1,88000000016852
89000000016323,1,88000000016210
89000000016324,1,88000000017622
89000000016325,1,88000000016349
89000000016326,1,88000000016508
89000000016327,1,88000000017744
89000000016328,1,88000000016773
89000000016329,1,88000000015599
89000000016330,1,88000000016014
89000000016331,1,88000000016584
89000000016333,1,88000000016360
89000000016334,1,88000000016141
89000000016335,1,88000000017098
89000000016336,1,88000000015893
89000000016337,1,88000000017287
89000000016338,1,88000000017483
89000000016339,1,88000000017444
89000000016340,1,88000000017591
89000000016341,1,88000000016816
89000000016342,1,88000000018131
89000000016343,1,88000000017400
89000000016344,1,88000000016520
89000000016347,1,88000000015283
89000000016349,1,88000000017496
89000000016351,1,88000000016076
89000000016352,1,88000000016365
89000000016353,1,88000000016276
89000000016354,1,88000000018332
89000000016356,1,88000000015626
89000000016357,1,88000000017279
89000000016358,1,88000000017832
89000000016361,1,88000000016457
89000000016362,1,88000000016847
89000000016363,1,88000000016728
89000000016364,1,88000000016364
89000000016365,1,88000000015845
89000000016366,1,88000000017221
89000000016367,1,88000000017528
89000000016368,1,88000000017131
89000000016370,1,88000000015855
89000000016371,1,88000000016690
89000000016372,1,88000000016305
89000000016373,1,88000000015774
89000000016374,1,88000000016672
89000000016375,1,88000000016388
89000000016377,1,88000000018159
89000000016378,1,88000000016485
89000000016379,1,88000000016459
89000000016380,1,88000000016686
89000000016382,1,88000000017997
89000000016383,1,88000000016333
89000000016384,1,88000000016003
89000000016385,1,88000000016380
89000000016386,1,88000000017613
89000000016387,1,88000000016378
89000000016388,1,88000000015908
89000000016389,1,88000000016340
89000000016390,1,88000000016354
89000000016391,1,88000000018880
89000000016394,1,88000000015405
89000000016395,1,88000000016357
89000000016396,1,88000000017553
89000000016398,1,88000000017830
89000000016399,1,88000000017010
89000000016401,1,88000000016267
89000000016402,1,88000000016344
89000000016403,1,88000000017850
89000000016404,1,88000000015587
89000000016405,1,88000000017097
89000000016406,1,88000000018633
89000000016407,1,88000000015590
89000000016408,1,88000000016518
89000000016409,1,88000000016892
89000000016410,1,88000000018157
89000000016412,1,88000000016462
89000000016413,1,88000000017362
89000000016414,1,88000000016630
89000000016415,1,88000000019755
89000000016416,1,88000000018720
89000000016417,1,88000000016367
89000000016418,1,88000000014964
89000000016419,1,88000000017419
89000000016420,1,88000000018834
89000000016421,1,88000000016146
89000000016423,1,88000000016387
89000000016425,1,88000000016897
89000000016426,1,88000000016589
89000000016427,1,88000000017159
89000000016428,1,88000000016621
89000000016429,1,88000000016585
89000000016432,1,88000000015915
89000000016433,1,88000000016687
89000000016435,1,88000000016637
89000000016437,1,88000000018765
89000000016438,1,88000000016963
89000000016439,1,88000000015572
89000000016441,1,88000000018049
89000000016443,1,88000000016940
89000000016444,1,88000000017216
89000000016445,1,88000000016677
89000000016446,1,88000000016407
89000000016447,1,88000000016771
89000000016448,1,88000000018171
89000000016449,1,88000000012003
89000000016450,1,88000000014413
89000000016451,1,88000000016280
89000000016452,1,88000000018012
89000000016453,1,88000000016726
89000000016454,1,88000000015990
89000000016455,1,88000000014125
89000000016456,1,88000000017767
89000000016457,1,88000000016230
89000000016458,1,88000000016717
89000000016459,1,88000000016706
89000000016460,1,88000000017030
89000000016462,1,88000000016478
89000000016464,1,88000000016142
89000000016465,1,88000000016474
89000000016466,1,88000000017313
89000000016469,1,88000000015114
89000000016470,1,88000000018453
89000000016471,1,88000000015927
89000000016472,1,88000000016164
89000000016474,1,88000000017381
89000000016477,1,88000000016413
89000000016478,1,88000000016590
89000000016479,1,88000000016153
89000000016480,1,88000000017156
89000000016482,1,88000000016361
89000000016483,1,88000000016059
89000000016486,1,88000000017945
89000000016489,1,88000000015922
89000000016490,1,88000000016977
89000000016491,1,88000000016412
89000000016492,1,88000000016512
89000000016493,1,88000000017167
89000000016494,1,88000000016551
89000000016495,1,88000000014464
89000000016496,1,88000000015951
89000000016497,1,88000000017171
89000000016498,1,88000000017259
89000000016499,1,88000000016345
89000000016500,1,88000000017969
89000000016502,1,88000000019430
89000000016503,1,88000000016805
89000000016504,1,88000000016817
89000000016505,1,88000000017135
89000000016506,1,88000000014917
89000000016507,1,88000000017477
89000000016508,1,88000000015723
89000000016509,1,88000000016368
89000000016510,1,88000000016176
89000000016511,1,88000000018328
89000000016513,1,88000000016625
89000000016514,1,88000000017201
89000000016515,1,88000000016860
89000000016516,1,88000000014709
89000000016519,1,88000000016289
89000000016521,1,88000000017657
89000000016522,1,88000000016352
89000000016523,1,88000000017276
89000000016524,1,88000000014691
89000000016525,1,88000000017963
89000000016526,1,88000000016989
89000000016527,1,88000000016402
89000000016528,1,88000000018101
89000000016529,1,88000000016682
89000000016530,1,88000000016720
89000000016531,1,88000000016088
89000000016533,1,88000000011516
89000000016534,1,88000000016867
89000000016535,1,88000000016376
89000000016536,1,88000000015771
89000000016537,1,88000000016128
89000000016539,1,88000000017095
89000000016540,1,88000000016759
89000000016541,1,88000000017467
89000000016542,1,88000000013498
89000000016543,1,88000000016249
89000000016544,1,88000000015021
89000000016545,1,88000000016750
89000000016546,1,88000000017105
89000000016547,1,88000000018071
89000000016548,1,88000000016217
89000000016549,1,88000000016596
89000000016550,1,88000000017207
89000000016551,1,88000000017578
89000000016553,1,88000000017115
89000000016554,1,88000000016538
89000000016555,1,88000000016211
89000000016556,1,88000000018478
89000000016557,1,88000000017535
89000000016558,1,88000000015999
89000000016559,1,88000000017954
89000000016560,1,88000000018307
89000000016561,1,88000000014644
89000000016562,1,88000000017516
89000000016564,1,88000000016648
89000000016566,1,88000000014689
89000000016569,1,88000000016410
89000000016570,1,88000000020888
89000000016571,1,88000000016251
89000000016573,1,88000000016247
89000000016574,1,88000000016666
89000000016575,1,88000000016140
89000000016576,1,88000000020877
89000000016577,1,88000000016556
89000000016578,1,88000000022527
89000000016579,1,88000000016158
89000000016580,1,88000000013298
89000000016581,1,88000000019065
89000000016582,1,88000000021437
89000000016583,1,88000000015843
89000000016584,1,88000000016935
89000000016585,1,88000000015028
89000000016586,1,88000000010291
89000000016588,1,88000000013380
89000000016589,1,88000000016863
89000000016590,1,88000000014460
89000000016591,1,88000000022150
89000000016592,1,88000000018371
89000000016593,1,88000000018256
89000000016594,1,88000000015834
89000000016595,1,88000000018083
89000000016596,1,88000000017099
89000000016597,1,88000000016751
89000000016598,1,88000000016438
89000000016599,1,88000000016231
89000000016600,1,88000000016245
89000000016601,1,88000000016669
89000000016602,1,88000000016704
89000000016603,1,88000000016273
89000000016604,1,88000000015342
89000000016605,1,88000000017067
89000000016607,1,88000000010706
89000000016608,1,88000000016133
89000000016609,1,88000000017570
89000000016610,1,88000000015312
89000000016611,1,88000000010164
89000000016612,1,88000000015751
89000000016613,1,88000000016530
89000000016615,1,88000000017534
89000000016616,1,88000000016285
89000000016617,1,88000000016936
89000000016618,1,88000000017311
89000000016620,1,88000000016499
89000000016621,1,88000000016693
89000000016622,1,88000000018797
89000000016624,1,88000000018674
89000000016625,1,88000000016764
89000000016626,1,88000000017366
89000000016627,1,88000000016468
89000000016628,1,88000000017465
89000000016629,1,88000000016768
89000000016630,1,88000000017049
89000000016631,1,88000000015803
89000000016632,1,88000000015467
89000000016635,1,88000000016201
89000000016636,1,88000000017389
89000000016637,1,88000000017014
89000000016638,1,88000000016375
89000000016639,1,88000000017016
89000000016640,1,88000000017377
89000000016641,1,88000000016783
89000000016642,1,88000000017026
89000000016643,1,88000000017063
89000000016644,1,88000000015378
89000000016645,1,88000000016729
89000000016646,1,88000000016655
89000000016647,1,88000000016224
89000000016648,1,88000000016418
89000000016649,1,88000000017004
89000000016650,1,88000000016789
89000000016651,1,88000000016454
89000000016652,1,88000000017017
89000000016653,1,88000000015899
89000000016655,1,88000000016821
89000000016656,1,88000000017078
89000000016658,1,88000000014933
89000000016659,1,88000000016108
89000000016660,1,88000000015981
89000000016661,1,88000000016243
89000000016662,1,88000000017703
89000000016663,1,88000000016678
89000000016664,1,88000000016036
89000000016665,1,88000000017811
89000000016667,1,88000000016406
89000000016670,1,88000000017503
89000000016671,1,88000000016641
89000000016672,1,88000000014214
89000000016673,1,88000000019194
89000000016674,1,88000000016303
89000000016676,1,88000000018933
89000000016677,1,88000000017292
89000000016679,1,88000000016186
89000000016680,1,88000000022259
89000000016681,1,88000000016806
89000000016682,1,88000000016078
89000000016685,1,88000000016363
89000000016686,1,88000000016615
89000000016687,1,88000000017300
89000000016689,1,88000000015827
89000000016691,1,88000000016769
89000000016692,1,88000000018910
89000000016693,1,88000000015483
89000000016694,1,88000000016390
89000000016695,1,88000000015616
89000000016698,1,88000000013583
89000000016699,1,88000000016578
89000000016700,1,88000000017432
89000000016701,1,88000000016576
89000000016702,1,88000000018249
89000000016703,1,88000000015691
89000000016704,1,88000000016448
89000000016706,1,88000000016430
89000000016708,1,88000000017825
89000000016710,1,88000000017985
89000000016711,1,88000000015365
89000000016712,1,88000000016547
89000000016713,1,88000000016723
89000000016714,1,88000000016537
89000000016715,1,88000000016951
89000000016716,1,88000000017302
89000000016718,1,88000000016396
89000000016719,1,88000000016889
89000000016720,1,88000000016095
89000000016722,1,88000000016529
89000000016723,1,88000000016404
89000000016724,1,88000000016394
89000000016725,1,88000000016490
89000000016726,1,88000000016722
89000000016727,1,88000000016609
89000000016728,1,88000000015456
89000000016730,1,88000000019071
89000000016731,1,88000000016023
89000000016733,1,88000000016761
89000000016734,1,88000000017283
89000000016735,1,88000000016052
89000000016738,1,88000000016572
89000000016739,1,88000000016828
89000000016740,1,88000000022039
89000000016742,1,88000000016540
89000000016743,1,88000000015874
89000000016744,1,88000000016767
89000000016745,1,88000000016848
89000000016746,1,88000000017488
89000000016748,1,88000000016183
89000000016749,1,88000000016996
89000000016750,1,88000000016545
89000000016751,1,88000000018502
89000000016752,1,88000000016432
89000000016753,1,88000000019252
89000000016755,1,88000000017499
89000000016756,1,88000000017326
89000000016758,1,88000000016543
89000000016759,1,88000000016312
89000000016760,1,88000000018212
89000000016762,1,88000000016455
89000000016763,1,88000000014272
89000000016764,1,88000000017783
89000000016765,1,88000000015835
89000000016766,1,88000000015752
89000000016767,1,88000000015812
89000000016769,1,88000000016876
89000000016770,1,88000000015492
89000000016774,1,88000000016778
89000000016775,1,88000000017601
89000000016776,1,88000000016653
89000000016778,1,88000000016447
89000000016779,1,88000000016875
89000000016780,1,88000000017177
89000000016781,1,88000000014636
89000000016782,1,88000000016757
89000000016783,1,88000000016476
89000000016785,1,88000000016500
89000000016786,1,88000000015859
89000000016788,1,88000000017348
89000000016789,1,88000000017090
89000000016790,1,88000000016760
89000000016791,1,88000000016794
89000000016793,1,88000000016415
89000000016795,1,88000000017420
89000000016796,1,88000000016515
89000000016798,1,88000000012283
89000000016799,1,88000000016797
89000000016801,1,88000000016689
89000000016802,1,88000000016261
89000000016803,1,88000000016525
89000000016805,1,88000000016560
89000000016806,1,88000000016114
89000000016807,1,88000000015566
89000000016808,1,88000000016744
89000000016810,1,88000000016884
89000000016813,1,88000000016154
89000000016814,1,88000000016048
89000000016815,1,88000000016838
89000000016816,1,88000000015676
89000000016817,1,88000000018729
89000000016818,1,88000000016906
89000000016819,1,88000000017424
89000000016820,1,88000000021853
89000000016821,1,88000000021309
89000000016822,1,88000000017321
89000000016824,1,88000000015992
89000000016825,1,88000000016607
89000000016826,1,88000000016979
89000000016827,1,88000000017399
89000000016828,1,88000000017514
89000000016829,1,88000000017260
89000000016830,1,88000000015559
89000000016831,1,88000000018496
89000000016832,1,88000000017990
89000000016833,1,88000000017084
89000000016834,1,88000000017536
89000000016836,1,88000000018318
89000000016837,1,88000000017473
89000000016838,1,88000000017947
89000000016839,1,88000000017285
89000000016840,1,88000000015989
89000000016842,1,88000000017497
89000000016843,1,88000000018282
89000000016844,1,88000000017291
89000000016845,1,88000000017421
89000000016846,1,88000000016930
89000000016847,1,88000000018144
89000000016849,1,88000000017327
89000000016850,1,88000000016774
89000000016851,1,88000000018030
89000000016852,1,88000000019855
89000000016853,1,88000000016550
89000000016854,1,88000000017086
89000000016856,1,88000000016941
89000000016857,1,88000000015934
89000000016858,1,88000000016498
89000000016859,1,88000000017716
89000000016860,1,88000000016382
89000000016861,1,88000000017266
89000000016862,1,88000000016950
89000000016863,1,88000000017521
89000000016864,1,88000000017527
89000000016865,1,88000000017719
89000000016866,1,88000000019136
89000000016867,1,88000000017645
89000000016868,1,88000000016222
89000000016869,1,88000000016040
89000000016870,1,88000000014211
89000000016872,1,88000000017402
89000000016873,1,88000000017145
89000000016875,1,88000000016972
89000000016877,1,88000000017235
89000000016878,1,88000000017211
89000000016879,1,88000000019114
89000000016880,1,88000000015946
89000000016882,1,88000000017368
89000000016883,1,88000000017251
89000000016884,1,88000000019203
89000000016885,1,88000000017093
89000000016886,1,88000000017504
89000000016887,1,88000000016544
89000000016889,1,88000000016879
89000000016890,1,88000000017213
89000000016891,1,88000000015532
89000000016892,1,88000000016220
89000000016893,1,88000000016893
89000000016894,1,88000000016960
89000000016896,1,88000000015937
89000000016898,1,88000000017050
89000000016899,1,88000000015094
89000000016900,1,88000000017891
89000000016901,1,88000000016488
89000000016903,1,88000000016679
89000000016904,1,88000000015933
89000000016905,1,88000000016445
89000000016906,1,88000000017780
89000000016909,1,88000000016932
89000000016910,1,88000000017100
89000000016911,1,88000000017627
89000000016912,1,88000000017282
89000000016913,1,88000000017401
89000000016914,1,88000000017241
89000000016915,1,88000000016942
89000000016916,1,88000000015554
89000000016917,1,88000000017894
89000000016918,1,88000000017188
89000000016920,1,88000000013158
89000000016921,1,88000000017297
89000000016923,1,88000000018197
89000000016925,1,88000000016503
89000000016926,1,88000000018680
89000000016927,1,88000000018130
89000000016928,1,88000000015767
89000000016930,1,88000000017161
89000000016931,1,88000000016618
89000000016932,1,88000000017317
89000000016934,1,88000000017619
89000000016935,1,88000000015627
89000000016939,1,88000000016961
89000000016940,1,88000000017361
89000000016941,1,88000000017319
89000000016942,1,88000000017341
89000000016943,1,88000000017390
89000000016944,1,88000000018555
89000000016945,1,88000000017464
89000000016946,1,88000000016581
89000000016947,1,88000000016428
89000000016948,1,88000000017350
89000000016949,1,88000000015784
89000000016950,1,88000000017980
89000000016951,1,88000000016307
89000000016952,1,88000000016974
89000000016953,1,88000000017708
89000000016954,1,88000000016436
89000000016955,1,88000000016916
89000000016956,1,88000000016622
89000000016958,1,88000000018342
89000000016960,1,88000000015561
89000000016961,1,88000000012884
89000000016962,1,88000000017367
89000000016963,1,88000000018140
89000000016964,1,88000000017625
89000000016965,1,88000000017140
89000000016966,1,88000000016953
89000000016967,1,88000000017347
89000000016969,1,88000000017198
89000000016970,1,88000000016670
89000000016971,1,88000000015493
89000000016972,1,88000000014900
89000000016973,1,88000000020218
89000000016975,1,88000000018047
89000000016976,1,88000000020207
89000000016977,1,88000000017299
89000000016978,1,88000000017369
89000000016980,1,88000000018336
89000000016981,1,88000000017631
89000000016983,1,88000000016657
89000000016984,1,88000000018259
89000000016985,1,88000000016629
89000000016986,1,88000000017461
89000000016987,1,88000000018338
89000000016988,1,88000000017748
89000000016990,1,88000000018818
89000000016991,1,88000000017261
89000000016992,1,88000000016441
89000000016993,1,88000000015473
89000000016995,1,88000000016962
89000000016996,1,88000000016992
89000000016997,1,88000000018022
89000000016998,1,88000000017027
89000000016999,1,88000000017600
89000000017000,1,88000000016731
89000000017001,1,88000000017495
89000000017002,1,88000000016684
89000000017003,1,88000000015997
89000000017004,1,88000000017203
89000000017005,1,88000000018655
89000000017006,1,88000000016984
89000000017007,1,88000000017358
89000000017008,1,88000000016356
89000000017010,1,88000000018503
89000000017011,1,88000000017152
89000000017012,1,88000000016157
89000000017013,1,88000000018025
89000000017014,1,88000000017219
89000000017015,1,88000000016110
89000000017016,1,88000000016439
89000000017017,1,88000000016969
89000000017018,1,88000000017849
89000000017019,1,88000000018106
89000000017020,1,88000000017202
89000000017022,1,88000000017938
89000000017024,1,88000000017312
89000000017026,1,88000000019119
89000000017027,1,88000000020220
89000000017028,1,88000000013391
89000000017029,1,88000000017580
89000000017030,1,88000000018626
89000000017031,1,88000000016929
89000000017032,1,88000000016397
89000000017034,1,88000000017474
89000000017035,1,88000000017846
89000000017036,1,88000000018232
89000000017037,1,88000000019156
89000000017038,1,88000000017472
89000000017039,1,88000000017143
89000000017040,1,88000000017121
89000000017041,1,88000000018129
89000000017042,1,88000000017041
89000000017043,1,88000000016281
89000000017044,1,88000000017662
89000000017046,1,88000000017169
89000000017047,1,88000000017429
89000000017048,1,88000000016928
89000000017049,1,88000000016567
89000000017051,1,88000000016046
89000000017052,1,88000000017244
89000000017053,1,88000000017228
89000000017054,1,88000000017920
89000000017055,1,88000000018506
89000000017057,1,88000000017917
89000000017058,1,88000000016835
89000000017059,1,88000000017586
89000000017060,1,88000000015840
89000000017061,1,88000000017950
89000000017062,1,88000000017602
89000000017063,1,88000000019028
89000000017064,1,88000000017837
89000000017065,1,88000000016795
89000000017066,1,88000000018003
89000000017067,1,88000000017176
89000000017068,1,88000000018154
89000000017069,1,88000000017707
89000000017070,1,88000000016189
89000000017071,1,88000000016400
89000000017072,1,88000000017961
89000000017073,1,88000000015371
89000000017074,1,88000000016259
89000000017075,1,88000000020486
89000000017076,1,88000000018833
89000000017077,1,88000000017209
89000000017079,1,88000000019429
89000000017082,1,88000000016633
89000000017083,1,88000000017698
89000000017084,1,88000000011775
89000000017086,1,88000000017439
89000000017087,1,88000000018884
89000000017088,1,88000000017187
89000000017089,1,88000000017445
89000000017090,1,88000000016066
89000000017092,1,88000000017468
89000000017093,1,88000000017257
89000000017094,1,88000000018108
89000000017097,1,88000000020300
89000000017098,1,88000000017226
89000000017100,1,88000000017922
89000000017101,1,88000000017446
89000000017102,1,88000000017393
89000000017103,1,88000000017032
89000000017104,1,88000000019366
89000000017105,1,88000000017819
89000000017106,1,88000000017073
89000000017107,1,88000000017667
89000000017108,1,88000000018265
89000000017109,1,88000000013917
89000000017110,1,88000000018088
89000000017111,1,88000000018257
89000000017112,1,88000000017150
89000000017114,1,88000000017069
89000000017115,1,88000000020610
89000000017116,1,88000000016206
89000000017117,1,88000000017688
89000000017118,1,88000000017114
89000000017119,1,88000000016826
89000000017120,1,88000000014579
89000000017121,1,88000000016931
89000000017122,1,88000000018758
89000000017125,1,88000000017914
89000000017127,1,88000000018376
89000000017128,1,88000000017865
89000000017130,1,88000000017417
89000000017131,1,88000000017253
89000000017132,1,88000000017013
89000000017134,1,88000000016554
89000000017136,1,88000000018445
89000000017137,1,88000000017325
89000000017138,1,88000000016494
89000000017139,1,88000000020604
89000000017140,1,88000000017371
89000000017141,1,88000000015869
89000000017142,1,88000000018023
89000000017143,1,88000000016118
89000000017144,1,88000000018865
89000000017145,1,88000000017397
89000000017146,1,88000000017277
89000000017147,1,88000000014886
89000000017148,1,88000000017999
89000000017149,1,88000000017373
89000000017150,1,88000000017886
89000000017151,1,88000000017423
89000000017152,1,88000000017076
89000000017153,1,88000000017454
89000000017154,1,88000000017215
89000000017155,1,88000000017081
89000000017157,1,88000000018086
89000000017159,1,88000000016087
89000000017160,1,88000000018826
89000000017162,1,88000000016898
89000000017163,1,88000000017896
89000000017164,1,88000000018203
89000000017165,1,88000000017788
89000000017166,1,88000000016472
89000000017169,1,88000000020753
89000000017170,1,88000000018110
89000000017171,1,88000000019421
89000000017172,1,88000000016026
89000000017174,1,88000000017118
89000000017175,1,88000000016920
89000000017177,1,88000000015918
89000000017178,1,88000000017080
89000000017179,1,88000000018908
89000000017180,1,88000000021038
89000000017181,1,88000000017123
89000000017182,1,88000000017797
89000000017183,1,88000000015660
89000000017184,1,88000000017684
89000000017185,1,88000000017262
89000000017186,1,88000000017117
89000000017188,1,88000000017820
89000000017189,1,88000000017479
89000000017190,1,88000000017569
89000000017191,1,88000000017227
89000000017192,1,88000000018385
89000000017193,1,88000000017824
89000000017195,1,88000000016348
89000000017196,1,88000000013993
89000000017197,1,88000000018613
89000000017198,1,88000000017083
89000000017199,1,88000000018057
89000000017200,1,88000000017033
89000000017202,1,88000000017119
89000000017203,1,88000000016571
89000000017205,1,88000000018443
89000000017206,1,88000000017138
89000000017207,1,88000000017942
89000000017208,1,88000000018667
89000000017210,1,88000000017993
89000000017211,1,88000000017803
89000000017212,1,88000000016409
89000000017213,1,88000000018339
89000000017214,1,88000000017456
89000000017216,1,88000000016650
89000000017217,1,88000000017501
89000000017218,1,88000000016688
89000000017219,1,88000000016473
89000000017220,1,88000000016741
89000000017221,1,88000000015876
89000000017222,1,88000000020289
89000000017223,1,88000000017486
89000000017224,1,88000000018073
89000000017225,1,88000000017057
89000000017226,1,88000000017053
89000000017227,1,88000000017124
89000000017228,1,88000000016714
89000000017229,1,88000000017764
89000000017230,1,88000000017162
89000000017231,1,88000000017035
89000000017232,1,88000000017301
89000000017233,1,88000000018291
89000000017234,1,88000000017270
89000000017236,1,88000000017330
89000000017238,1,88000000016721
89000000017240,1,88000000016971
89000000017242,1,88000000017011
89000000017243,1,88000000017242
89000000017244,1,88000000017982
89000000017245,1,88000000016555
89000000017246,1,88000000015338
89000000017247,1,88000000013566
89000000017248,1,88000000018565
89000000017250,1,88000000012972
89000000017251,1,88000000017051
89000000017252,1,88000000017414
89000000017253,1,88000000017410
89000000017256,1,88000000017158
89000000017257,1,88000000018151
89000000017258,1,88000000015466
89000000017259,1,88000000016634
89000000017260,1,88000000017804
89000000017261,1,88000000016215
89000000017262,1,88000000017340
89000000017263,1,88000000014830
89000000017265,1,88000000016746
89000000017266,1,88000000016482
89000000017267,1,88000000016987
89000000017268,1,88000000015453
89000000017269,1,88000000017507
89000000017270,1,88000000016857
89000000017271,1,88000000016981
89000000017272,1,88000000011960
89000000017273,1,88000000022257
89000000017274,1,88000000017058
89000000017275,1,88000000017363
89000000017276,1,88000000017752
89000000017277,1,88000000018254
89000000017278,1,88000000016506
89000000017279,1,88000000017614
89000000017280,1,88000000016917
89000000017281,1,88000000015860
89000000017282,1,88000000017482
89000000017283,1,88000000018960
89000000017284,1,88000000016507
89000000017285,1,88000000017463
89000000017286,1,88000000017309
89000000017287,1,88000000017331
89000000017288,1,88000000018605
89000000017289,1,88000000016934
89000000017290,1,88000000017247
89000000017291,1,88000000018150
89000000017292,1,88000000016986
89000000017294,1,88000000016749
89000000017296,1,88000000022340
89000000017297,1,88000000017346
89000000017298,1,88000000016959
89000000017299,1,88000000019427
89000000017300,1,88000000016385
89000000017302,1,88000000015892
89000000017303,1,88000000016656
89000000017305,1,88000000017901
89000000017306,1,88000000015500
89000000017307,1,88000000019390
89000000017309,1,88000000016325
89000000017310,1,88000000017660
89000000017311,1,88000000017812
89000000017312,1,88000000017182
89000000017314,1,88000000017284
89000000017315,1,88000000016358
89000000017317,1,88000000020712
89000000017318,1,88000000017252
89000000017319,1,88000000017491
89000000017320,1,88000000015356
89000000017321,1,88000000017214
89000000017322,1,88000000017762
89000000017323,1,88000000019817
89000000017326,1,88000000017460
89000000017328,1,88000000017164
89000000017329,1,88000000018623
89000000017330,1,88000000018085
89000000017332,1,88000000017275
89000000017333,1,88000000019869
89000000017334,1,88000000017173
89000000017336,1,88000000017240
89000000017337,1,88000000016819
89000000017339,1,88000000017085
89000000017340,1,88000000016528
89000000017342,1,88000000016612
89000000017343,1,88000000016923
89000000017344,1,88000000017936
89000000017345,1,88000000016654
89000000017346,1,88000000017948
89000000017347,1,88000000017919
89000000017348,1,88000000015958
89000000017349,1,88000000017476
89000000017350,1,88000000017352
89000000017351,1,88000000017408
89000000017352,1,88000000018112
89000000017353,1,88000000018554
89000000017354,1,88000000017858
89000000017355,1,88000000018536
89000000017356,1,88000000016483
89000000017357,1,88000000016970
89000000017358,1,88000000017791
89000000017359,1,88000000017505
89000000017360,1,88000000017893
89000000017361,1,88000000018032
89000000017362,1,88000000019204
89000000017363,1,88000000017459
89000000017364,1,88000000019372
89000000017365,1,88000000016227
89000000017366,1,88000000015896
89000000017367,1,88000000017383
89000000017368,1,88000000017364
89000000017369,1,88000000017079
89000000017370,1,88000000018571
89000000017371,1,88000000018014
89000000017372,1,88000000017223
89000000017376,1,88000000017995
89000000017378,1,88000000018593
89000000017379,1,88000000019249
89000000017383,1,88000000017690
89000000017384,1,88000000016844
89000000017386,1,88000000017384
89000000017387,1,88000000017915
89000000017388,1,88000000018802
89000000017391,1,88000000019545
89000000017392,1,88000000018036
89000000017393,1,88000000017113
89000000017394,1,88000000018437
89000000017395,1,88000000017589
89000000017396,1,88000000018684
89000000017400,1,88000000016921
89000000017401,1,88000000017854
89000000017402,1,88000000019992
89000000017403,1,88000000017008
89000000017404,1,88000000018004
89000000017405,1,88000000017931
89000000017406,1,88000000017322
89000000017409,1,88000000019191
89000000017410,1,88000000017760
89000000017412,1,88000000022131
89000000017413,1,88000000019123
89000000017415,1,88000000017866
89000000017416,1,88000000018080
89000000017417,1,88000000018475
89000000017418,1,88000000015568
89000000017419,1,88000000016433
89000000017421,1,88000000019265
89000000017423,1,88000000017834
89000000017424,1,88000000017166
89000000017425,1,88000000019385
89000000017427,1,88000000017682
89000000017428,1,88000000021363
89000000017429,1,88000000018305
89000000017430,1,88000000018857
89000000017431,1,88000000018805
89000000017432,1,88000000019582
89000000017435,1,88000000018520
89000000017436,1,88000000017675
89000000017437,1,88000000017621
89000000017439,1,88000000017776
89000000017440,1,88000000017428
89000000017441,1,88000000017960
89000000017442,1,88000000016708
89000000017443,1,88000000021378
89000000017444,1,88000000017450
89000000017445,1,88000000018039
89000000017446,1,88000000020930
89000000017448,1,88000000018435
89000000017449,1,88000000017867
89000000017450,1,88000000019012
89000000017452,1,88000000020201
89000000017453,1,88000000017778
89000000017455,1,88000000018668
89000000017457,1,88000000018094
89000000017458,1,88000000018915
89000000017459,1,88000000015380
89000000017460,1,88000000017490
89000000017463,1,88000000017021
89000000017464,1,88000000017031
89000000017465,1,88000000018100
89000000017466,1,88000000018019
89000000017467,1,88000000016203
89000000017468,1,88000000016030
89000000017469,1,88000000018542
89000000017470,1,88000000017286
89000000017472,1,88000000017652
89000000017473,1,88000000017583
89000000017474,1,88000000017562
89000000017475,1,88000000018553
89000000017476,1,88000000019504
89000000017477,1,88000000017683
89000000017478,1,88000000017664
89000000017479,1,88000000016156
89000000017480,1,88000000018617
89000000017482,1,88000000014507
89000000017484,1,88000000018190
89000000017485,1,88000000017629
89000000017486,1,88000000015795
89000000017487,1,88000000017795
89000000017488,1,88000000017296
89000000017489,1,88000000017949
89000000017490,1,88000000016913
89000000017492,1,88000000019324
89000000017493,1,88000000016938
89000000017496,1,88000000017968
89000000017497,1,88000000017398
89000000017498,1,88000000020194
89000000017499,1,88000000018168
89000000017501,1,88000000021130
89000000017503,1,88000000018206
89000000017504,1,88000000019812
89000000017506,1,88000000017543
89000000017507,1,88000000018723
89000000017509,1,88000000017333
89000000017510,1,88000000019613
89000000017513,1,88000000017898
89000000017514,1,88000000017885
89000000017515,1,88000000018768
89000000017516,1,88000000017498
89000000017517,1,88000000017184
89000000017519,1,88000000017674
89000000017520,1,88000000018377
89000000017521,1,88000000018396
89000000017522,1,88000000017329
89000000017524,1,88000000017608
89000000017525,1,88000000018127
89000000017526,1,88000000017634
89000000017527,1,88000000018045
89000000017528,1,88000000020523
89000000017529,1,88000000015730
89000000017530,1,88000000016739
89000000017532,1,88000000018294
89000000017534,1,88000000016295
89000000017535,1,88000000017574
89000000017536,1,88000000018158
89000000017537,1,88000000020358
89000000017539,1,88000000018466
89000000017540,1,88000000017548
89000000017541,1,88000000017906
89000000017542,1,88000000019406
89000000017544,1,88000000021780
89000000017545,1,88000000017844
89000000017546,1,88000000018276
89000000017547,1,88000000018002
89000000017548,1,88000000017620
89000000017549,1,88000000017385
89000000017552,1,88000000017677
89000000017553,1,88000000018736
89000000017555,1,88000000019132
89000000017556,1,88000000019499
89000000017559,1,88000000016341
89000000017560,1,88000000017029
89000000017561,1,88000000016885
89000000017563,1,88000000018288
89000000017564,1,88000000016914
89000000017566,1,88000000017132
89000000017567,1,88000000014733
89000000017568,1,88000000018557
89000000017569,1,88000000017706
89000000017570,1,88000000018238
89000000017571,1,88000000018482
89000000017572,1,88000000012186
89000000017573,1,88000000018799
89000000017574,1,88000000017310
89000000017575,1,88000000018220
89000000017576,1,88000000017728
89000000017577,1,88000000018155
89000000017578,1,88000000018498
89000000017579,1,88000000018095
89000000017580,1,88000000018008
89000000017581,1,88000000018149
89000000017582,1,88000000019172
89000000017583,1,88000000017676
89000000017584,1,88000000018664
89000000017585,1,88000000018192
89000000017586,1,88000000018861
89000000017587,1,88000000018247
89000000017588,1,88000000022387
89000000017589,1,88000000017714
89000000017590,1,88000000020940
89000000017591,1,88000000018075
89000000017592,1,88000000015884
89000000017593,1,88000000018084
89000000017595,1,88000000018505
89000000017596,1,88000000018756
89000000017597,1,88000000019737
89000000017598,1,88000000016834
89000000017599,1,88000000019286
89000000017600,1,88000000017845
89000000017601,1,88000000015654
89000000017602,1,88000000016336
89000000017603,1,88000000018518
89000000017604,1,88000000019349
89000000017605,1,88000000017732
89000000017608,1,88000000017701
89000000017609,1,88000000017729
89000000017610,1,88000000018752
89000000017611,1,88000000018566
89000000017612,1,88000000017689
89000000017613,1,88000000017769
89000000017614,1,88000000019450
89000000017615,1,88000000018266
89000000017616,1,88000000015940
89000000017617,1,88000000015928
89000000017618,1,88000000018267
89000000017620,1,88000000019702
89000000017621,1,88000000017485
89000000017622,1,88000000018229
89000000017623,1,88000000017609
89000000017624,1,88000000017731
89000000017626,1,88000000017493
89000000017627,1,88000000018210
89000000017629,1,88000000016993
89000000017630,1,88000000016651
89000000017631,1,88000000017883
89000000017632,1,88000000017020
89000000017633,1,88000000016424
89000000017634,1,88000000015713
89000000017635,1,88000000018795
89000000017636,1,88000000017458
89000000017637,1,88000000017705
89000000017638,1,88000000019542
89000000017639,1,88000000017593
89000000017640,1,88000000018060
89000000017641,1,88000000017842
89000000017642,1,88000000017699
89000000017643,1,88000000017610
89000000017644,1,88000000019659
89000000017646,1,88000000017605
89000000017647,1,88000000018631
89000000017649,1,88000000017422
89000000017651,1,88000000015219
89000000017653,1,88000000018778
89000000017654,1,88000000018966
89000000017655,1,88000000017009
89000000017656,1,88000000017935
89000000017657,1,88000000017881
89000000017658,1,88000000016193
89000000017659,1,88000000018439
89000000017660,1,88000000014542
89000000017661,1,88000000017792
89000000017662,1,88000000017616
89000000017663,1,88000000018351
89000000017664,1,88000000022552
89000000017665,1,88000000020601
89000000017666,1,88000000017129
89000000017667,1,88000000021034
89000000017668,1,88000000017785
89000000017669,1,88000000018024
89000000017671,1,88000000018302
89000000017672,1,88000000017064
89000000017674,1,88000000017588
89000000017675,1,88000000018196
89000000017677,1,88000000019115
89000000017678,1,88000000017558
89000000017679,1,88000000019199
89000000017681,1,88000000018876
89000000017682,1,88000000018716
89000000017683,1,88000000014062
89000000017684,1,88000000016736
89000000017685,1,88000000018739
89000000017686,1,88000000017018
89000000017688,1,88000000017741
89000000017690,1,88000000018063
89000000017691,1,88000000016902
89000000017692,1,88000000018217
89000000017693,1,88000000015877
89000000017694,1,88000000018072
89000000017695,1,88000000019099
89000000017696,1,88000000017781
89000000017698,1,88000000018728
89000000017700,1,88000000017720
89000000017702,1,88000000017628
89000000017703,1,88000000017632
89000000017704,1,88000000017155
89000000017705,1,88000000016568
89000000017707,1,88000000018143
89000000017709,1,88000000017943
89000000017710,1,88000000018763
89000000017712,1,88000000017349
89000000017713,1,88000000017617
89000000017714,1,88000000012991
89000000017715,1,88000000015551
89000000017716,1,88000000016965
89000000017717,1,88000000017189
89000000017718,1,88000000018840
89000000017719,1,88000000018806
89000000017720,1,88000000018784
89000000017722,1,88000000018061
89000000017723,1,88000000017722
89000000017724,1,88000000019509
89000000017725,1,88000000016523
89000000017728,1,88000000017962
89000000017729,1,88000000020292
89000000017730,1,88000000017603
89000000017731,1,88000000017941
89000000017732,1,88000000018078
89000000017734,1,88000000017582
89000000017735,1,88000000017128
89000000017736,1,88000000018412
89000000017737,1,88000000017648
89000000017738,1,88000000016649
89000000017739,1,88000000018290
89000000017740,1,88000000017554
89000000017741,1,88000000017007
89000000017742,1,88000000014360
89000000017744,1,88000000017751
89000000017745,1,88000000017833
89000000017746,1,88000000017713
89000000017747,1,88000000017678
89000000017748,1,88000000018120
89000000017749,1,88000000017856
89000000017750,1,88000000021788
89000000017752,1,88000000017977
89000000017753,1,88000000017650
89000000017754,1,88000000017186
89000000017755,1,88000000016284
89000000017756,1,88000000018153
89000000017757,1,88000000018136
89000000017758,1,88000000018732
89000000017759,1,88000000018658
89000000017761,1,88000000018348
89000000017762,1,88000000018062
89000000017763,1,88000000018531
89000000017765,1,88000000017680
89000000017766,1,88000000016451
89000000017767,1,88000000017272
89000000017768,1,88000000017636
89000000017769,1,88000000015600
89000000017770,1,88000000020257
89000000017771,1,88000000018021
89000000017772,1,88000000017793
89000000017773,1,88000000013957
89000000017774,1,88000000017973
89000000017775,1,88000000018077
89000000017776,1,88000000017134
89000000017779,1,88000000017328
89000000017780,1,88000000018303
89000000017781,1,88000000017356
89000000017782,1,88000000017136
89000000017783,1,88000000018793
89000000017784,1,88000000017870
89000000017785,1,88000000022146
89000000017786,1,88000000017984
89000000017787,1,88000000017799
89000000017788,1,88000000016939
89000000017789,1,88000000018013
89000000017790,1,88000000020838
89000000017791,1,88000000019732
89000000017792,1,88000000018070
89000000017793,1,88000000017796
89000000017794,1,88000000019244
89000000017797,1,88000000017028
89000000017800,1,88000000018888
89000000017802,1,88000000017555
89000000017803,1,88000000017821
89000000017804,1,88000000017746
89000000017805,1,88000000017902
89000000017806,1,88000000019580
89000000017808,1,88000000018056
89000000017809,1,88000000016980
89000000017810,1,88000000017700
89000000017811,1,88000000016370
89000000017812,1,88000000019209
89000000017813,1,88000000018597
89000000017815,1,88000000017928
89000000017816,1,88000000016715
89000000017817,1,88000000022358
89000000017818,1,88000000019122
89000000017819,1,88000000017392
89000000017821,1,88000000018009
89000000017822,1,88000000018186
89000000017823,1,88000000017290
89000000017824,1,88000000018431
89000000017825,1,88000000017508
89000000017826,1,88000000016793
89000000017827,1,88000000018041
89000000017828,1,88000000017872
89000000017829,1,88000000016958
89000000017831,1,88000000015847
89000000017832,1,88000000019569
89000000017835,1,88000000018387
89000000017836,1,88000000018050
89000000017837,1,88000000017757
89000000017839,1,88000000017653
89000000017840,1,88000000018993
89000000017841,1,88000000017681
89000000017842,1,88000000018111
89000000017843,1,88000000018798
89000000017844,1,88000000017232
89000000017845,1,88000000017910
89000000017846,1,88000000018754
89000000017850,1,88000000018283
89000000017851,1,88000000018335
89000000017852,1,88000000017972
89000000017853,1,88000000017726
89000000017854,1,88000000019456
89000000017858,1,88000000017800
89000000017859,1,88000000017163
89000000017861,1,88000000016890
89000000017862,1,88000000018176
89000000017863,1,88000000019806
89000000017864,1,88000000016743
89000000017865,1,88000000017567
89000000017866,1,88000000017884
89000000017867,1,88000000016162
89000000017868,1,88000000018065
89000000017872,1,88000000017427
89000000017873,1,88000000016532
89000000017874,1,88000000018237
89000000017875,1,88000000018079
89000000017876,1,88000000017956
89000000017877,1,88000000018028
89000000017878,1,88000000018081
89000000017879,1,88000000017897
89000000017880,1,88000000017576
89000000017881,1,88000000018532
89000000017882,1,88000000018148
89000000017883,1,88000000017770
89000000017884,1,88000000019275
89000000017885,1,88000000018091
89000000017886,1,88000000017264
89000000017888,1,88000000019162
89000000017889,1,88000000016909
89000000017890,1,88000000018705
89000000017891,1,88000000018163
89000000017892,1,88000000017359
89000000017894,1,88000000017831
89000000017895,1,88000000017874
89000000017896,1,88000000019645
89000000017897,1,88000000018264
89000000017898,1,88000000019061
89000000017899,1,88000000017130
89000000017900,1,88000000017739
89000000017901,1,88000000017826
89000000017902,1,88000000018087
89000000017903,1,88000000015538
89000000017904,1,88000000015858
89000000017905,1,88000000015138
89000000017906,1,88000000016734
89000000017907,1,88000000016062
89000000017908,1,88000000017759
89000000017909,1,88000000019219
89000000017911,1,88000000018642
89000000017912,1,88000000017175
89000000017913,1,88000000017878
89000000017916,1,88000000017802
89000000017917,1,88000000017709
89000000017918,1,88000000019108
89000000017919,1,88000000016381
89000000017920,1,88000000018165
89000000017921,1,88000000017944
89000000017922,1,88000000018059
89000000017925,1,88000000017012
89000000017927,1,88000000017888
89000000017928,1,88000000015821
89000000017929,1,88000000017566
89000000017930,1,88000000018895
89000000017931,1,88000000017655
89000000017932,1,88000000018622
89000000017933,1,88000000018810
89000000017934,1,88000000019189
89000000017935,1,88000000017391
89000000017936,1,88000000019166
89000000017937,1,88000000017415
89000000017938,1,88000000017691
89000000017939,1,88000000017540
89000000017940,1,88000000018461
89000000017941,1,88000000019190
89000000017942,1,88000000017179
89000000017943,1,88000000018460
89000000017945,1,88000000017590
89000000017946,1,88000000019220
89000000017948,1,88000000017873
89000000017951,1,88000000017568
89000000017952,1,88000000015833
89000000017953,1,88000000017137
89000000017954,1,88000000017794
89000000017956,1,88000000017280
89000000017957,1,88000000018379
89000000017958,1,88000000016241
89000000017960,1,88000000017481
89000000017961,1,88000000017823
89000000017965,1,88000000017971
89000000017966,1,88000000017710
89000000017967,1,88000000017976
89000000017968,1,88000000017337
89000000017969,1,88000000017047
89000000017970,1,88000000017426
89000000017971,1,88000000015715
89000000017973,1,88000000017721
89000000017974,1,88000000017538
89000000017975,1,88000000016776
89000000017976,1,88000000016605
89000000017978,1,88000000019677
89000000017979,1,88000000017656
89000000017981,1,88000000018770
89000000017982,1,88000000019557
89000000017983,1,88000000017903
89000000017984,1,88000000017868
89000000017985,1,88000000018038
89000000017986,1,88000000016337
89000000017987,1,88000000018589
89000000017988,1,88000000019376
89000000017989,1,88000000018737
89000000017991,1,88000000015977
89000000017994,1,88000000018017
89000000017995,1,88000000017671
89000000017996,1,88000000018006
89000000017997,1,88000000018814
89000000017998,1,88000000017899
89000000018000,1,88000000017596
89000000018001,1,88000000017712
89000000018002,1,88000000016968
89000000018003,1,88000000018033
89000000018004,1,88000000018117
89000000018005,1,88000000018414
89000000018007,1,88000000017743
89000000018008,1,88000000017360
89000000018009,1,88000000018648
89000000018010,1,88000000014151
89000000018012,1,88000000016443
89000000018013,1,88000000018612
89000000018014,1,88000000017863
89000000018015,1,88000000016823
89000000018017,1,88000000018444
89000000018019,1,88000000017537
89000000018020,1,88000000018152
89000000018021,1,88000000017512
89000000018022,1,88000000019042
89000000018023,1,88000000017579
89000000018024,1,88000000017533
89000000018026,1,88000000017934
89000000018027,1,88000000018873
89000000018028,1,88000000020511
89000000018029,1,88000000017597
89000000018030,1,88000000018785
89000000018031,1,88000000018614
89000000018032,1,88000000019274
89000000018033,1,88000000018749
89000000018034,1,88000000019860
89000000018035,1,88000000014985
89000000018036,1,88000000018471
89000000018039,1,88000000018696
89000000018041,1,88000000019044
89000000018042,1,88000000017918
89000000018043,1,88000000021107
89000000018044,1,88000000017967
89000000018045,1,88000000019258
89000000018046,1,88000000018340
89000000018048,1,88000000019658
89000000018049,1,88000000016511
89000000018050,1,88000000019011
89000000018051,1,88000000018512
89000000018052,1,88000000017639
89000000018053,1,88000000019416
89000000018055,1,88000000018946
89000000018056,1,88000000017787
89000000018057,1,88000000019222
89000000018058,1,88000000017987
89000000018059,1,88000000018885
89000000018063,1,88000000018277
89000000018065,1,88000000022060
89000000018066,1,88000000017560
89000000018067,1,88000000018552
89000000018069,1,88000000019255
89000000018070,1,88000000015386
89000000018071,1,88000000018301
89000000018072,1,88000000018803
89000000018073,1,88000000018663
89000000018074,1,88000000019837
89000000018075,1,88000000018374
89000000018076,1,88000000018122
89000000018078,1,88000000019493
89000000018080,1,88000000020336
89000000018081,1,88000000017772
89000000018082,1,88000000020205
89000000018083,1,88000000015854
89000000018084,1,88000000019559
89000000018085,1,88000000016825
89000000018086,1,88000000017594
89000000018089,1,88000000016924
89000000018090,1,88000000021225
89000000018091,1,88000000017771
89000000018092,1,88000000018820
89000000018093,1,88000000018539
89000000018094,1,88000000021070
89000000018095,1,88000000019298
89000000018098,1,88000000015910
89000000018099,1,88000000018576
89000000018100,1,88000000018343
89000000018101,1,88000000019060
89000000018103,1,88000000019225
89000000018104,1,88000000018426
89000000018105,1,88000000018334
89000000018106,1,88000000019601
89000000018107,1,88000000018911
89000000018108,1,88000000018365
89000000018109,1,88000000018881
89000000018111,1,88000000020883
89000000018112,1,88000000018653
89000000018113,1,88000000018998
89000000018114,1,88000000017633
89000000018115,1,88000000015212
89000000018116,1,88000000018462
89000000018117,1,88000000018615
89000000018118,1,88000000017644
89000000018120,1,88000000017889
89000000018121,1,88000000019313
89000000018123,1,88000000017630
89000000018124,1,88000000020404
89000000018126,1,88000000020443
89000000018127,1,88000000018590
89000000018128,1,88000000018776
89000000018130,1,88000000018472
89000000018131,1,88000000017696
89000000018132,1,88000000018235
89000000018133,1,88000000019458
89000000018134,1,88000000016353
89000000018135,1,88000000018278
89000000018137,1,88000000018608
89000000018138,1,88000000017542
89000000018140,1,88000000017895
89000000018142,1,88000000017909
89000000018144,1,88000000020004
89000000018145,1,88000000017981
89000000018146,1,88000000018606
89000000018147,1,88000000013258
89000000018150,1,88000000019873
89000000018151,1,88000000018363
89000000018153,1,88000000018543
89000000018154,1,88000000017547
89000000018155,1,88000000019150
89000000018156,1,88000000018384
89000000018158,1,88000000019681
89000000018159,1,88000000019676
89000000018161,1,88000000018724
89000000018162,1,88000000016763
89000000018163,1,88000000021398
89000000018165,1,88000000017075
89000000018166,1,88000000018718
89000000018167,1,88000000017478
89000000018168,1,88000000017604
89000000018169,1,88000000018315
89000000018170,1,88000000018202
89000000018172,1,88000000018812
89000000018173,1,88000000019068
89000000018175,1,88000000019597
89000000018176,1,88000000019227
89000000018177,1,88000000020607
89000000018178,1,88000000020751
89000000018179,1,88000000019796
89000000018180,1,88000000016997
89000000018183,1,88000000018561
89000000018184,1,88000000011676
89000000018186,1,88000000018037
89000000018187,1,88000000018859
89000000018188,1,88000000017697
89000000018189,1,88000000017294
89000000018192,1,88000000018977
89000000018193,1,88000000018312
89000000018194,1,88000000016557
89000000018195,1,88000000017595
89000000018196,1,88000000017452
89000000018198,1,88000000018991
89000000018201,1,88000000020839
89000000018202,1,88000000018221
89000000018203,1,88000000021007
89000000018204,1,88000000020116
89000000018205,1,88000000018891
89000000018206,1,88000000015050
89000000018207,1,88000000021073
89000000018209,1,88000000016792
89000000018210,1,88000000019396
89000000018211,1,88000000017704
89000000018212,1,88000000017774
89000000018214,1,88000000019608
89000000018215,1,88000000018627
89000000018217,1,88000000018142
89000000018218,1,88000000017061
89000000018219,1,88000000019035
89000000018220,1,88000000020380
89000000018221,1,88000000017992
89000000018223,1,88000000018831
89000000018224,1,88000000018306
89000000018225,1,88000000018225
89000000018226,1,88000000019024
89000000018228,1,88000000019782
89000000018229,1,88000000019032
89000000018230,1,88000000018300
89000000018231,1,88000000019368
89000000018232,1,88000000019360
89000000018233,1,88000000016292
89000000018234,1,88000000018242
89000000018236,1,88000000018274
89000000018238,1,88000000018422
89000000018239,1,88000000015853
89000000018240,1,88000000018677
89000000018242,1,88000000017040
89000000018244,1,88000000019269
89000000018245,1,88000000019322
89000000018246,1,88000000018436
89000000018247,1,88000000020285
89000000018250,1,88000000021031
89000000018251,1,88000000018484
89000000018252,1,88000000019216
89000000018253,1,88000000019305
89000000018254,1,88000000017522
89000000018255,1,88000000019101
89000000018256,1,88000000019217
89000000018258,1,88000000018607
89000000018259,1,88000000017900
89000000018261,1,88000000018738
89000000018265,1,88000000018146
89000000018267,1,88000000016188
89000000018269,1,88000000018433
89000000018271,1,88000000018360
89000000018272,1,88000000019636
89000000018273,1,88000000018449
89000000018274,1,88000000018533
89000000018275,1,88000000019311
89000000018276,1,88000000016464
89000000018277,1,88000000018620
89000000018278,1,88000000015735
89000000018280,1,88000000017552
89000000018281,1,88000000020145
89000000018282,1,88000000020376
89000000018283,1,88000000020160
89000000018284,1,88000000019082
89000000018286,1,88000000018499
89000000018288,1,88000000018326
89000000018289,1,88000000018293
89000000018290,1,88000000018751
89000000018291,1,88000000018848
89000000018292,1,88000000021959
89000000018293,1,88000000018243
89000000018294,1,88000000018228
89000000018296,1,88000000018253
89000000018298,1,88000000020700
89000000018299,1,88000000018324
89000000018300,1,88000000018809
89000000018301,1,88000000019933
89000000018302,1,88000000019355
89000000018303,1,88000000022109
89000000018305,1,88000000018695
89000000018306,1,88000000019563
89000000018307,1,88000000018337
89000000018308,1,88000000019334
89000000018309,1,88000000017765
89000000018311,1,88000000018375
89000000018312,1,88000000018699
89000000018313,1,88000000018189
89000000018314,1,88000000021318
89000000018315,1,88000000018314
89000000018316,1,88000000018126
89000000018317,1,88000000018455
89000000018318,1,88000000018201
89000000018320,1,88000000019367
89000000018321,1,88000000019025
89000000018323,1,88000000018258
89000000018324,1,88000000018673
89000000018325,1,88000000015824
89000000018326,1,88000000018669
89000000018328,1,88000000017730
89000000018329,1,88000000019398
89000000018330,1,88000000018501
89000000018331,1,88000000018356
89000000018332,1,88000000018651
89000000018334,1,88000000018123
89000000018335,1,88000000019254
89000000018338,1,88000000017642
89000000018340,1,88000000016846
89000000018341,1,88000000019717
89000000018342,1,88000000017249
89000000018345,1,88000000019794
89000000018346,1,88000000017523
89000000018347,1,88000000019678
89000000018348,1,88000000018570
89000000018350,1,88000000020454
89000000018351,1,88000000018194
89000000018352,1,88000000019164
89000000018353,1,88000000018034
89000000018354,1,88000000019341
89000000018355,1,88000000018317
89000000018356,1,88000000018052
89000000018357,1,88000000018467
89000000018359,1,88000000018783
89000000018360,1,88000000017892
89000000018361,1,88000000018344
89000000018363,1,88000000019408
89000000018365,1,88000000018214
89000000018366,1,88000000018513
89000000018367,1,88000000019527
89000000018368,1,88000000018353
89000000018370,1,88000000018864
89000000018372,1,88000000019698
89000000018373,1,88000000018846
89000000018374,1,88000000020485
89000000018375,1,88000000018473
89000000018377,1,88000000021494
89000000018380,1,88000000018515
89000000018381,1,88000000019603
89000000018382,1,88000000017494
89000000018383,1,88000000018001
89000000018386,1,88000000017254
89000000018387,1,88000000018364
89000000018388,1,88000000016386
89000000018389,1,88000000019874
89000000018390,1,88000000018866
89000000018392,1,88000000019218
89000000018393,1,88000000017607
89000000018395,1,88000000016408
89000000018396,1,88000000017951
89000000018397,1,88000000020178
89000000018398,1,88000000018978
89000000018399,1,88000000016882
89000000018400,1,88000000020239
89000000018401,1,88000000021106
89000000018402,1,88000000018949
89000000018403,1,88000000019143
89000000018405,1,88000000016597
89000000018406,1,88000000018304
89000000018407,1,88000000018191
89000000018408,1,88000000018456
89000000018409,1,88000000012942
89000000018411,1,88000000022004
89000000018412,1,88000000018845
89000000018413,1,88000000019040
89000000018414,1,88000000018741
89000000018416,1,88000000019814
89000000018417,1,88000000019302
89000000018418,1,88000000019539
89000000018419,1,88000000016293
89000000018420,1,88000000018463
89000000018421,1,88000000017734
89000000018422,1,88000000018184
89000000018423,1,88000000019253
89000000018424,1,88000000016878
89000000018425,1,88000000019639
89000000018426,1,88000000019476
89000000018427,1,88000000017212
89000000018429,1,88000000020303
89000000018430,1,88000000018241
89000000018431,1,88000000019725
89000000018433,1,88000000019438
89000000018434,1,88000000016601
89000000018435,1,88000000018747
89000000018436,1,88000000014871
89000000018437,1,88000000019500
89000000018438,1,88000000017686
89000000018439,1,88000000020177
89000000018440,1,88000000018869
89000000018443,1,88000000018389
89000000018444,1,88000000020742
89000000018445,1,88000000019833
89000000018446,1,88000000017661
89000000018448,1,88000000021691
89000000018449,1,88000000018213
89000000018450,1,88000000015167
89000000018452,1,88000000018382
89000000018453,1,88000000020847
89000000018455,1,88000000018671
89000000018456,1,88000000018598
89000000018458,1,88000000018076
89000000018459,1,88000000021407
89000000018461,1,88000000015862
89000000018462,1,88000000018477
89000000018463,1,88000000018578
89000000018464,1,88000000020188
89000000018465,1,88000000017615
89000000018466,1,88000000018016
89000000018467,1,88000000017933
89000000018468,1,88000000017912
89000000018469,1,88000000018665
89000000018470,1,88000000018204
89000000018471,1,88000000018323
89000000018472,1,88000000018199
89000000018473,1,88000000017148
89000000018474,1,88000000016320
89000000018476,1,88000000018572
89000000018477,1,88000000018187
89000000018478,1,88000000019381
89000000018479,1,88000000018494
89000000018480,1,88000000016895
89000000018481,1,88000000019111
89000000018482,1,88000000019404
89000000018483,1,88000000015256
89000000018485,1,88000000016519
89000000018487,1,88000000018790
89000000018489,1,88000000017082
89000000018490,1,88000000017549
89000000018491,1,88000000018549
89000000018492,1,88000000017859
89000000018493,1,88000000017970
89000000018495,1,88000000018252
89000000018496,1,88000000018406
89000000018498,1,88000000018469
89000000018499,1,88000000018320
89000000018500,1,88000000015938
89000000018501,1,88000000017929
89000000018502,1,88000000020399
89000000018503,1,88000000018919
89000000018504,1,88000000018121
89000000018508,1,88000000018896
89000000018509,1,88000000019642
89000000018510,1,88000000019371
89000000018511,1,88000000017809
89000000018512,1,88000000018423
89000000018515,1,88000000020545
89000000018516,1,88000000020373
89000000018518,1,88000000017006
89000000018519,1,88000000018588
89000000018520,1,88000000018450
89000000018523,1,88000000017758
89000000018525,1,88000000019351
89000000018526,1,88000000018550
89000000018527,1,88000000018420
89000000018528,1,88000000019186
89000000018530,1,88000000020464
89000000018531,1,88000000018755
89000000018532,1,88000000017673
89000000018535,1,88000000020460
89000000018537,1,88000000018635
89000000018538,1,88000000019095
89000000018539,1,88000000018497
89000000018541,1,88000000019567
89000000018542,1,88000000019232
89000000018543,1,88000000018548
89000000018544,1,88000000017924
89000000018545,1,88000000018251
89000000018546,1,88000000019148
89000000018547,1,88000000017829
89000000018548,1,88000000018789
89000000018549,1,88000000018418
89000000018550,1,88000000018279
89000000018551,1,88000000017663
89000000018552,1,88000000018451
89000000018553,1,88000000018367
89000000018554,1,88000000018193
89000000018557,1,88000000018109
89000000018559,1,88000000017200
89000000018560,1,88000000018116
89000000018561,1,88000000017798
89000000018562,1,88000000019562
89000000018563,1,88000000018188
89000000018564,1,88000000018625
89000000018565,1,88000000017584
89000000018566,1,88000000018746
89000000018567,1,88000000016982
89000000018569,1,88000000018147
89000000018570,1,88000000019515
89000000018571,1,88000000020426
89000000018572,1,88000000018114
89000000018573,1,88000000018659
89000000018574,1,88000000017946
89000000018575,1,88000000019899
89000000018576,1,88000000018909
89000000018577,1,88000000019686
89000000018578,1,88000000018982
89000000018579,1,88000000019378
89000000018580,1,88000000018246
89000000018581,1,88000000018894
89000000018582,1,88000000019104
89000000018583,1,88000000019057
89000000018584,1,88000000018954
89000000018585,1,88000000018046
89000000018587,1,88000000018641
89000000018589,1,88000000017443
89000000018590,1,88000000019554
89000000018591,1,88000000018824
89000000018592,1,88000000022019
89000000018593,1,88000000019154
89000000018595,1,88000000017539
89000000018596,1,88000000020320
89000000018597,1,88000000019457
89000000018598,1,88000000018689
89000000018599,1,88000000020564
89000000018601,1,88000000016111
89000000018602,1,88000000018541
89000000018604,1,88000000018403
89000000018608,1,88000000020747
89000000018609,1,88000000020392
89000000018610,1,88000000017685
89000000018611,1,88000000018205
89000000018613,1,88000000017500
89000000018614,1,88000000018393
89000000018616,1,88000000018595
89000000018617,1,88000000017298
89000000018618,1,88000000019556
89000000018619,1,88000000018610
89000000018620,1,88000000018759
89000000018621,1,88000000017418
89000000018622,1,88000000018441
89000000018624,1,88000000018397
89000000018625,1,88000000015274
89000000018626,1,88000000019020
89000000018627,1,88000000019802
89000000018630,1,88000000014498
89000000018631,1,88000000018621
89000000018633,1,88000000017096
89000000018634,1,88000000018296
89000000018637,1,88000000016480
89000000018638,1,88000000018162
89000000018639,1,88000000019587
89000000018640,1,88000000017955
89000000018641,1,88000000017250
89000000018642,1,88000000018860
89000000018643,1,88000000017998
89000000018644,1,88000000020887
89000000018645,1,88000000019125
89000000018646,1,88000000016194
89000000018647,1,88000000019141
89000000018648,1,88000000019314
89000000018649,1,88000000018369
89000000018653,1,88000000019884
89000000018654,1,88000000018005
89000000018656,1,88000000018686
89000000018658,1,88000000019183
89000000018659,1,88000000020921
89000000018662,1,88000000017817
89000000018663,1,88000000019770
89000000018664,1,88000000019730
89000000018665,1,88000000016240
89000000018666,1,88000000018388
89000000018668,1,88000000015494
89000000018669,1,88000000018551
89000000018670,1,88000000018519
89000000018671,1,88000000017248
89000000018672,1,88000000018138
89000000018673,1,88000000018569
89000000018675,1,88000000018568
89000000018676,1,88000000019501
89000000018677,1,88000000018407
89000000018678,1,88000000018817
89000000018681,1,88000000019544
89000000018682,1,88000000019560
89000000018684,1,88000000018872
89000000018685,1,88000000018181
89000000018686,1,88000000018530
89000000018687,1,88000000018408
89000000018688,1,88000000018517
89000000018689,1,88000000018227
89000000018690,1,88000000017989
89000000018691,1,88000000012727
89000000018692,1,88000000016676
89000000018693,1,88000000018969
89000000018694,1,88000000016435
89000000018695,1,88000000018836
89000000018696,1,88000000018262
89000000018697,1,88000000018935
89000000018698,1,88000000016502
89000000018699,1,88000000018269
89000000018700,1,88000000018177
89000000018701,1,88000000018366
89000000018702,1,88000000018362
89000000018703,1,88000000017806
89000000018704,1,88000000019063
89000000018705,1,88000000018440
89000000018706,1,88000000017208
89000000018708,1,88000000017996
89000000018709,1,88000000018652
89000000018710,1,88000000018493
89000000018711,1,88000000015221
89000000018712,1,88000000017170
89000000018714,1,88000000017055
89000000018716,1,88000000018395
89000000018717,1,88000000019344
89000000018718,1,88000000018182
89000000018719,1,88000000018899
89000000018720,1,88000000017303
89000000018721,1,88000000016696
89000000018723,1,88000000018721
89000000018725,1,88000000020012
89000000018726,1,88000000017749
89000000018727,1,88000000018378
89000000018730,1,88000000020683
89000000018731,1,88000000018465
89000000018732,1,88000000018479
89000000018733,1,88000000015297
89000000018734,1,88000000018226
89000000018735,1,88000000018775
89000000018736,1,88000000018485
89000000018737,1,88000000017862
89000000018739,1,88000000018522
89000000018740,1,88000000017952
89000000018741,1,88000000018703
89000000018742,1,88000000019193
89000000018743,1,88000000019886
89000000018744,1,88000000018349
89000000018745,1,88000000018534
89000000018746,1,88000000018753
89000000018747,1,88000000020337
89000000018748,1,88000000017525
89000000018750,1,88000000019046
89000000018751,1,88000000021401
89000000018752,1,88000000020386
89000000018753,1,88000000017295
89000000018754,1,88000000019318
89000000018755,1,88000000019714
89000000018756,1,88000000019572
89000000018757,1,88000000019738
89000000018758,1,88000000019205
89000000018760,1,88000000019507
89000000018761,1,88000000019877
89000000018763,1,88000000018538
89000000018764,1,88000000019023
89000000018768,1,88000000018486
89000000018769,1,88000000017255
89000000018771,1,88000000019161
89000000018772,1,88000000017107
89000000018774,1,88000000018999
89000000018775,1,88000000018871
89000000018776,1,88000000020247
89000000018778,1,88000000018916
89000000018779,1,88000000018764
89000000018780,1,88000000018841
89000000018781,1,88000000019922
89000000018782,1,88000000019541
89000000018783,1,88000000020054
89000000018786,1,88000000018173
89000000018788,1,88000000018329
89000000018789,1,88000000018855
89000000018790,1,88000000020375
89000000018792,1,88000000017126
89000000018793,1,88000000020196
89000000018794,1,88000000019015
89000000018798,1,88000000018858
89000000018800,1,88000000017192
89000000018802,1,88000000019577
89000000018804,1,88000000020010
89000000018805,1,88000000018511
89000000018806,1,88000000019347
89000000018807,1,88000000017380
89000000018808,1,88000000018464
89000000018809,1,88000000020341
89000000018811,1,88000000019178
89000000018812,1,88000000017805
89000000018813,1,88000000018245
89000000018814,1,88000000018560
89000000018816,1,88000000019930
89000000018817,1,88000000018392
89000000018818,1,88000000020195
89000000018819,1,88000000019306
89000000018821,1,88000000019948
89000000018822,1,88000000019279
89000000018826,1,88000000019665
89000000018829,1,88000000021672
89000000018830,1,88000000018849
89000000018831,1,88000000018924
89000000018832,1,88000000019185
89000000018833,1,88000000018601
89000000018834,1,88000000016431
89000000018835,1,88000000019934
89000000018837,1,88000000019455
89000000018838,1,88000000018942
89000000018839,1,88000000019574
89000000018841,1,88000000019484
89000000018843,1,88000000019622
89000000018845,1,88000000019538
89000000018846,1,88000000018234
89000000018848,1,88000000018740
89000000018849,1,88000000019112
89000000018852,1,88000000019618
89000000018853,1,88000000017861
89000000018857,1,88000000019764
89000000018858,1,88000000020497
89000000018859,1,88000000020026
89000000018860,1,88000000018537
89000000018862,1,88000000019405
89000000018864,1,88000000019169
89000000018865,1,88000000018922
89000000018866,1,88000000020232
89000000018867,1,88000000019444
89000000018868,1,88000000016541
89000000018869,1,88000000019437
89000000018872,1,88000000019067
89000000018873,1,88000000018938
89000000018874,1,88000000019846
89000000018875,1,88000000019283
89000000018876,1,88000000019506
89000000018877,1,88000000019853
89000000018879,1,88000000019610
89000000018880,1,88000000022338
89000000018881,1,88000000019037
89000000018882,1,88000000021416
89000000018883,1,88000000018779
89000000018884,1,88000000019551
89000000018885,1,88000000020153
89000000018887,1,88000000018011
89000000018889,1,88000000020388
89000000018890,1,88000000019337
89000000018891,1,88000000018007
89000000018892,1,88000000018900
89000000018895,1,88000000019145
89000000018897,1,88000000020183
89000000018898,1,88000000018811
89000000018899,1,88000000019138
89000000018900,1,88000000018816
89000000018901,1,88000000019393
89000000018903,1,88000000019288
89000000018904,1,88000000019685
89000000018906,1,88000000019326
89000000018908,1,88000000018490
89000000018909,1,88000000019767
89000000018910,1,88000000015015
89000000018911,1,88000000019215
89000000018913,1,88000000019422
89000000018916,1,88000000018452
89000000018918,1,88000000017518
89000000018919,1,88000000018819
89000000018920,1,88000000020918
89000000018921,1,88000000019026
89000000018922,1,88000000020372
89000000018923,1,88000000016663
89000000018924,1,88000000019971
89000000018925,1,88000000019384
89000000018926,1,88000000018421
89000000018927,1,88000000020656
89000000018928,1,88000000015620
89000000018929,1,88000000019130
89000000018931,1,88000000017693
89000000018932,1,88000000021204
89000000018934,1,88000000012123
89000000018936,1,88000000017510
89000000018938,1,88000000018483
89000000018940,1,88000000018310
89000000018942,1,88000000019319
89000000018945,1,88000000017524
89000000018946,1,88000000019077
89000000018947,1,88000000019236
89000000018948,1,88000000018370
89000000018949,1,88000000019304
89000000018950,1,88000000016452
89000000018953,1,88000000017147
89000000018955,1,88000000019053
89000000018956,1,88000000017908
89000000018957,1,88000000018394
89000000018958,1,88000000019652
89000000018960,1,88000000019602
89000000018961,1,88000000019451
89000000018963,1,88000000018639
89000000018964,1,88000000021042
89000000018965,1,88000000016719
89000000018966,1,88000000019007
89000000018968,1,88000000019379
89000000018970,1,88000000019038
89000000018971,1,88000000022198
89000000018972,1,88000000021545
89000000018973,1,88000000019412
89000000018974,1,88000000018957
89000000018976,1,88000000019931
89000000018979,1,88000000019382
89000000018980,1,88000000018287
89000000018982,1,88000000020418
89000000018983,1,88000000018984
89000000018984,1,88000000018983
89000000018985,1,88000000019461
89000000018986,1,88000000020417
89000000018988,1,88000000019171
89000000018989,1,88000000019328
89000000018990,1,88000000019779
89000000018992,1,88000000019585
89000000018993,1,88000000018524
89000000018994,1,88000000019660
89000000018996,1,88000000022015
89000000018997,1,88000000020480
89000000019000,1,88000000019883
89000000019002,1,88000000018773
89000000019003,1,88000000019039
89000000019005,1,88000000018547
89000000019006,1,88000000019586
89000000019007,1,88000000019336
89000000019009,1,88000000018419
89000000019010,1,88000000019074
89000000019011,1,88000000019938
89000000019015,1,88000000019479
89000000019018,1,88000000019003
89000000019019,1,88000000019633
89000000019022,1,88000000021838
89000000019024,1,88000000019555
89000000019025,1,88000000019076
89000000019026,1,88000000020056
89000000019028,1,88000000016580
89000000019029,1,88000000019247
89000000019031,1,88000000018690
89000000019032,1,88000000017851
89000000019035,1,88000000021377
89000000019036,1,88000000017037
89000000019037,1,88000000019966
89000000019038,1,88000000019467
89000000019040,1,88000000018974
89000000019041,1,88000000021495
89000000019042,1,88000000019973
89000000019043,1,88000000019175
89000000019044,1,88000000019464
89000000019045,1,88000000019231
89000000019046,1,88000000021083
89000000019047,1,88000000018928
89000000019048,1,88000000019641
89000000019049,1,88000000019411
89000000019050,1,88000000019503
89000000019051,1,88000000019505
89000000019052,1,88000000022280
89000000019055,1,88000000019581
89000000019056,1,88000000018906
89000000019058,1,88000000018309
89000000019059,1,88000000018178
89000000019060,1,88000000019198
89000000019061,1,88000000020251
89000000019062,1,88000000018603
89000000019063,1,88000000022107
89000000019064,1,88000000019466
89000000019065,1,88000000019377
89000000019066,1,88000000019058
89000000019067,1,88000000019620
89000000019068,1,88000000017916
89000000019070,1,88000000018968
89000000019071,1,88000000020495
89000000019072,1,88000000020546
89000000019073,1,88000000018107
89000000019074,1,88000000018725
89000000019076,1,88000000018504
89000000019079,1,88000000018322
89000000019080,1,88000000017761
89000000019081,1,88000000019309
89000000019082,1,88000000019789
89000000019084,1,88000000019206
89000000019085,1,88000000020851
89000000019086,1,88000000019492
89000000019087,1,88000000020517
89000000019088,1,88000000019050
89000000019089,1,88000000019431
89000000019090,1,88000000017204
89000000019091,1,88000000018904
89000000019092,1,88000000018719
89000000019093,1,88000000019895
89000000019094,1,88000000017519
89000000019095,1,88000000020274
89000000019096,1,88000000018822
89000000019097,1,88000000018313
89000000019098,1,88000000019284
89000000019099,1,88000000018685
89000000019100,1,88000000015705
89000000019103,1,88000000020434
89000000019104,1,88000000019452
89000000019105,1,88000000017905
89000000019106,1,88000000022509
89000000019108,1,88000000019798
89000000019110,1,88000000020282
89000000019112,1,88000000020728
89000000019113,1,88000000019086
89000000019115,1,88000000018973
89000000019116,1,88000000017665
89000000019118,1,88000000017573
89000000019120,1,88000000015670
89000000019121,1,88000000019240
89000000019122,1,88000000019496
89000000019123,1,88000000017587
89000000019124,1,88000000019575
89000000019125,1,88000000021041
89000000019126,1,88000000017480
89000000019128,1,88000000021364
89000000019129,1,88000000018345
89000000019130,1,88000000019343
89000000019131,1,88000000019564
89000000019132,1,88000000019033
89000000019133,1,88000000019118
89000000019135,1,88000000019494
89000000019136,1,88000000019979
89000000019137,1,88000000020850
89000000019138,1,88000000020823
89000000019140,1,88000000019127
89000000019141,1,88000000017659
89000000019142,1,88000000019176
89000000019144,1,88000000018997
89000000019145,1,88000000019293
89000000019146,1,88000000018708
89000000019147,1,88000000019271
89000000019149,1,88000000019105
89000000019150,1,88000000018134
89000000019151,1,88000000018948
89000000019152,1,88000000019414
89000000019153,1,88000000018940
89000000019154,1,88000000018425
89000000019155,1,88000000019550
89000000019156,1,88000000018275
89000000019157,1,88000000018583
89000000019158,1,88000000019436
89000000019159,1,88000000021856
89000000019160,1,88000000019388
89000000019162,1,88000000019951
89000000019163,1,88000000019214
89000000019165,1,88000000019529
89000000019166,1,88000000016738
89000000019167,1,88000000019021
89000000019169,1,88000000020427
89000000019172,1,88000000018582
89000000019173,1,88000000020057
89000000019174,1,88000000019179
89000000019175,1,88000000018842
89000000019176,1,88000000018236
89000000019177,1,88000000019913
89000000019178,1,88000000018585
89000000019179,1,88000000019679
89000000019180,1,88000000019375
89000000019182,1,88000000017890
89000000019184,1,88000000019490
89000000019185,1,88000000019433
89000000019187,1,88000000020066
89000000019188,1,88000000017403
89000000019189,1,88000000018442
89000000019191,1,88000000019435
89000000019192,1,88000000020455
89000000019193,1,88000000019634
89000000019194,1,88000000019546
89000000019195,1,88000000019260
89000000019197,1,88000000018359
89000000019198,1,88000000019009
89000000019199,1,88000000017378
89000000019200,1,88000000019153
89000000019201,1,88000000019440
89000000019203,1,88000000019098
89000000019205,1,88000000019278
89000000019206,1,88000000019051
89000000019207,1,88000000018361
89000000019209,1,88000000022457
89000000019210,1,88000000018244
89000000019211,1,88000000019157
89000000019212,1,88000000019497
89000000019216,1,88000000017571
89000000019217,1,88000000021894
89000000019218,1,88000000017692
89000000019219,1,88000000018878
89000000019220,1,88000000015510
89000000019221,1,88000000019448
89000000019222,1,88000000020659
89000000019223,1,88000000019109
89000000019224,1,88000000019434
89000000019225,1,88000000017724
89000000019227,1,88000000018905
89000000019229,1,88000000017045
89000000019230,1,88000000017782
89000000019231,1,88000000018901
89000000019232,1,88000000019242
89000000019233,1,88000000018268
89000000019234,1,88000000019027
89000000019235,1,88000000014194
89000000019237,1,88000000020162
89000000019238,1,88000000018903
89000000019240,1,88000000020093
89000000019242,1,88000000020425
89000000019243,1,88000000016983
89000000019244,1,88000000019924
89000000019245,1,88000000018955
89000000019246,1,88000000018961
89000000019248,1,88000000017268
89000000019249,1,88000000019362
89000000019250,1,88000000019786
89000000019251,1,88000000016766
89000000019253,1,88000000019483
89000000019255,1,88000000020389
89000000019256,1,88000000019415
89000000019257,1,88000000018354
89000000019258,1,88000000019389
89000000019259,1,88000000018629
89000000019260,1,88000000018611
89000000019261,1,88000000020151
89000000019262,1,88000000018209
89000000019264,1,88000000020772
89000000019265,1,88000000017565
89000000019266,1,88000000019689
89000000019267,1,88000000019537
89000000019268,1,88000000018976
89000000019270,1,88000000015253
89000000019271,1,88000000016442
89000000019273,1,88000000019320
89000000019274,1,88000000020135
89000000019275,1,88000000020468
89000000019276,1,88000000018263
89000000019277,1,88000000019251
89000000019278,1,88000000020276
89000000019279,1,88000000018979
89000000019280,1,88000000022271
89000000019281,1,88000000019584
89000000019284,1,88000000018989
89000000019285,1,88000000019997
89000000019286,1,88000000019188
89000000019287,1,88000000019629
89000000019288,1,88000000019653
89000000019289,1,88000000018794
89000000019291,1,88000000018619
89000000019292,1,88000000020299
89000000019293,1,88000000019373
89000000019294,1,88000000020263
89000000019295,1,88000000021068
89000000019296,1,88000000019072
89000000019297,1,88000000020281
89000000019300,1,88000000019961
89000000019301,1,88000000019184
89000000019303,1,88000000019084
89000000019304,1,88000000019630
89000000019305,1,88000000019518
89000000019306,1,88000000017441
89000000019309,1,88000000019287
89000000019310,1,88000000018649
89000000019311,1,88000000022324
89000000019312,1,88000000018750
89000000019314,1,88000000018986
89000000019315,1,88000000019621
89000000019318,1,88000000020097
89000000019319,1,88000000019624
89000000019320,1,88000000018092
89000000019321,1,88000000019383
89000000019322,1,88000000018704
89000000019323,1,88000000018573
89000000019324,1,88000000019768
89000000019325,1,88000000019655
89000000019326,1,88000000021139
89000000019327,1,88000000018886
89000000019328,1,88000000018988
89000000019329,1,88000000019683
89000000019330,1,88000000019520
89000000019331,1,88000000018679
89000000019332,1,88000000018971
89000000019334,1,88000000019675
89000000019335,1,88000000019417
89000000019337,1,88000000019596
89000000019338,1,88000000018495
89000000019339,1,88000000018491
89000000019340,1,88000000019465
89000000019341,1,88000000018586
89000000019342,1,88000000018847
89000000019343,1,88000000019173
89000000019344,1,88000000020987
89000000019345,1,88000000018630
89000000019346,1,88000000019588
89000000019347,1,88000000018913
89000000019348,1,88000000018179
89000000019349,1,88000000017065
89000000019350,1,88000000020246
89000000019351,1,88000000019325
89000000019353,1,88000000019902
89000000019354,1,88000000018883
89000000019355,1,88000000018575
89000000019358,1,88000000020666
89000000019359,1,88000000017711
89000000019360,1,88000000019900
89000000019361,1,88000000018782
89000000019363,1,88000000018135
89000000019364,1,88000000020351
89000000019366,1,88000000018914
89000000019367,1,88000000018952
89000000019368,1,88000000019423
89000000019369,1,88000000020339
89000000019370,1,88000000021346
89000000019371,1,88000000016366
89000000019372,1,88000000014629
89000000019374,1,88000000019909
89000000019375,1,88000000019591
89000000019376,1,88000000021755
89000000019377,1,88000000019234
89000000019378,1,88000000019498
89000000019379,1,88000000018995
89000000019380,1,88000000018678
89000000019383,1,88000000016628
89000000019384,1,88000000020698
89000000019385,1,88000000018714
89000000019387,1,88000000019230
89000000019388,1,88000000019614
89000000019389,1,88000000020435
89000000019390,1,88000000018742
89000000019391,1,88000000021519
89000000019392,1,88000000019295
89000000019393,1,88000000019599
89000000019394,1,88000000018929
89000000019395,1,88000000019513
89000000019397,1,88000000014942
89000000019398,1,88000000020988
89000000019399,1,88000000019609
89000000019400,1,88000000019666
89000000019401,1,88000000019091
89000000019402,1,88000000018185
89000000019403,1,88000000012254
89000000019405,1,88000000019049
89000000019406,1,88000000020584
89000000019407,1,88000000018640
89000000019409,1,88000000020346
89000000019412,1,88000000020157
89000000019413,1,88000000019052
89000000019414,1,88000000019813
89000000019417,1,88000000019358
89000000019418,1,88000000019211
89000000019419,1,88000000020492
89000000019420,1,88000000018424
89000000019421,1,88000000018064
89000000019422,1,88000000017438
89000000019423,1,88000000018489
89000000019424,1,88000000019107
89000000019425,1,88000000019103
89000000019426,1,88000000017160
89000000019427,1,88000000019069
89000000019429,1,88000000018815
89000000019430,1,88000000020390
89000000019432,1,88000000018319
89000000019433,1,88000000019598
89000000019434,1,88000000020065
89000000019435,1,88000000021014
89000000019436,1,88000000019299
89000000019437,1,88000000020277
89000000019438,1,88000000019446
89000000019439,1,88000000019048
89000000019440,1,88000000021733
89000000019441,1,88000000019301
89000000019442,1,88000000019879
89000000019443,1,88000000018717
89000000019444,1,88000000020512
89000000019446,1,88000000018427
89000000019448,1,88000000019357
89000000019449,1,88000000017784
89000000019450,1,88000000018074
89000000019453,1,88000000018357
89000000019454,1,88000000020098
89000000019455,1,88000000019401
89000000019457,1,88000000020052
89000000019458,1,88000000019170
89000000019459,1,88000000019512
89000000019460,1,88000000021396
89000000019461,1,88000000022411
89000000019462,1,88000000019019
89000000019463,1,88000000020854
89000000019464,1,88000000019460
89000000019467,1,88000000018743
89000000019468,1,88000000020348
89000000019469,1,88000000019276
89000000019471,1,88000000018981
89000000019472,1,88000000019195
89000000019475,1,88000000019359
89000000019476,1,88000000019241
89000000019478,1,88000000017022
89000000019479,1,88000000018600
89000000019480,1,88000000018358
89000000019481,1,88000000018660
89000000019482,1,88000000019442
89000000019483,1,88000000015721
89000000019484,1,88000000018964
89000000019485,1,88000000019694
89000000019486,1,88000000018698
89000000019487,1,88000000019177
89000000019489,1,88000000019029
89000000019490,1,88000000019017
89000000019491,1,88000000019684
89000000019492,1,88000000018347
89000000019493,1,88000000019744
89000000019494,1,88000000018656
89000000019495,1,88000000018760
89000000019496,1,88000000021433
89000000019497,1,88000000019395
89000000019498,1,88000000020543
89000000019500,1,88000000019671
89000000019502,1,88000000018281
89000000019503,1,88000000019043
89000000019504,1,88000000020163
89000000019505,1,88000000018219
89000000019507,1,88000000019174
89000000019508,1,88000000019005
89000000019509,1,88000000019294
89000000019510,1,88000000020200
89000000019512,1,88000000019923
89000000019513,1,88000000018055
89000000019514,1,88000000020037
89000000019515,1,88000000020315
89000000019516,1,88000000018535
89000000019517,1,88000000019088
89000000019518,1,88000000019365
89000000019519,1,88000000019346
89000000019521,1,88000000019409
89000000019522,1,88000000018591
89000000019523,1,88000000018172
89000000019524,1,88000000020295
89000000019525,1,88000000019521
89000000019526,1,88000000019233
89000000019527,1,88000000017088
89000000019528,1,88000000020349
89000000019529,1,88000000019282
89000000019531,1,88000000016919
89000000019532,1,88000000019549
89000000019533,1,88000000018956
89000000019535,1,88000000018932
89000000019536,1,88000000021810
89000000019537,1,88000000018852
89000000019538,1,88000000019361
89000000019541,1,88000000018604
89000000019544,1,88000000018383
89000000019545,1,88000000019226
89000000019546,1,88000000019096
89000000019547,1,88000000020554
89000000019549,1,88000000019022
89000000019550,1,88000000021019
89000000019551,1,88000000018825
89000000019552,1,88000000019124
89000000019553,1,88000000019010
89000000019555,1,88000000020378
89000000019556,1,88000000020502
89000000019557,1,88000000017921
89000000019559,1,88000000021950
89000000019560,1,88000000021242
89000000019561,1,88000000019836
89000000019562,1,88000000017839
89000000019563,1,88000000018771
89000000019564,1,88000000019100
89000000019565,1,88000000019134
89000000019568,1,88000000018577
89000000019569,1,88000000018609
89000000019570,1,88000000021882
89000000019572,1,88000000018889
89000000019574,1,88000000022166
89000000019575,1,88000000019120
89000000019576,1,88000000019865
89000000019577,1,88000000020139
89000000019578,1,88000000020608
89000000019579,1,88000000020046
89000000019581,1,88000000021284
89000000019583,1,88000000020187
89000000019584,1,88000000019984
89000000019588,1,88000000017646
89000000019589,1,88000000018341
89000000019590,1,88000000020966
89000000019591,1,88000000020203
89000000019592,1,88000000019967
89000000019593,1,88000000020241
89000000019594,1,88000000019133
89000000019595,1,88000000020109
89000000019596,1,88000000019885
89000000019597,1,88000000019289
89000000019598,1,88000000022361
89000000019599,1,88000000020671
89000000019600,1,88000000019705
89000000019602,1,88000000019212
89000000019603,1,88000000019893
89000000019605,1,88000000019006
89000000019606,1,88000000019816
89000000019607,1,88000000019079
89000000019609,1,88000000020036
89000000019610,1,88000000021457
89000000019611,1,88000000021283
89000000019614,1,88000000018556
89000000019616,1,88000000019945
89000000019617,1,88000000018936
89000000019618,1,88000000022425
89000000019619,1,88000000017818
89000000019622,1,88000000019131
89000000019623,1,88000000020357
89000000019624,1,88000000020208
89000000019626,1,88000000020211
89000000019627,1,88000000019718
89000000019628,1,88000000019915
89000000019631,1,88000000020132
89000000019634,1,88000000020217
89000000019635,1,88000000020044
89000000019636,1,88000000017517
89000000019637,1,88000000019868
89000000019642,1,88000000020696
89000000019644,1,88000000019657
89000000019645,1,88000000021167
89000000019646,1,88000000020317
89000000019647,1,88000000022203
89000000019648,1,88000000020716
89000000019650,1,88000000021653
89000000019652,1,88000000020134
89000000019653,1,88000000019352
89000000019654,1,88000000018218
89000000019655,1,88000000020343
89000000019656,1,88000000021178
89000000019657,1,88000000020309
89000000019659,1,88000000020034
89000000019661,1,88000000020481
89000000019662,1,88000000020484
89000000019663,1,88000000019752
89000000019665,1,88000000020526
89000000019667,1,88000000019736
89000000019668,1,88000000018967
89000000019669,1,88000000019726
89000000019670,1,88000000018040
89000000019671,1,88000000014552
89000000019672,1,88000000019163
89000000019673,1,88000000021484
89000000019675,1,88000000018132
89000000019676,1,88000000019735
89000000019677,1,88000000012402
89000000019678,1,88000000021379
89000000019679,1,88000000020637
89000000019680,1,88000000020092
89000000019684,1,88000000020498
89000000019686,1,88000000020148
89000000019687,1,88000000019704
89000000019690,1,88000000020383
89000000019691,1,88000000020944
89000000019692,1,88000000019066
89000000019693,1,88000000022279
89000000019694,1,88000000020529
89000000019695,1,88000000020536
89000000019696,1,88000000020438
89000000019698,1,88000000014541
89000000019699,1,88000000018164
89000000019700,1,88000000018769
89000000019703,1,88000000020106
89000000019704,1,88000000020785
89000000019707,1,88000000020422
89000000019708,1,88000000020439
89000000019710,1,88000000020496
89000000019711,1,88000000020192
89000000019712,1,88000000021022
89000000019713,1,88000000019904
89000000019715,1,88000000021237
89000000019716,1,88000000020033
89000000019718,1,88000000019152
89000000019719,1,88000000016616
89000000019720,1,88000000020069
89000000019721,1,88000000021191
89000000019722,1,88000000020011
89000000019723,1,88000000020020
89000000019724,1,88000000019208
89000000019725,1,88000000021516
89000000019727,1,88000000020062
89000000019729,1,88000000020646
89000000019731,1,88000000020781
89000000019732,1,88000000020927
89000000019734,1,88000000021499
89000000019736,1,88000000017435
89000000019737,1,88000000019447
89000000019738,1,88000000019197
89000000019741,1,88000000021685
89000000019742,1,88000000018796
89000000019744,1,88000000019771
89000000019745,1,88000000017530
89000000019746,1,88000000019787
89000000019749,1,88000000019892
89000000019750,1,88000000018830
89000000019751,1,88000000019094
89000000019759,1,88000000020592
89000000019761,1,88000000019469
89000000019762,1,88000000018694
89000000019763,1,88000000020313
89000000019764,1,88000000019228
89000000019766,1,88000000020812
89000000019771,1,88000000019129
89000000019772,1,88000000017546
89000000019773,1,88000000021269
89000000019774,1,88000000021348
89000000019776,1,88000000019910
89000000019777,1,88000000020466
89000000019780,1,88000000020089
89000000019784,1,88000000020655
89000000019785,1,88000000019932
89000000019786,1,88000000020708
89000000019790,1,88000000020488
89000000019791,1,88000000020319
89000000019792,1,88000000019940
89000000019793,1,88000000020852
89000000019794,1,88000000018521
89000000019797,1,88000000018546
89000000019798,1,88000000020350
89000000019799,1,88000000022072
89000000019800,1,88000000020318
89000000019801,1,88000000022045
89000000019802,1,88000000019340
89000000019803,1,88000000020067
89000000019804,1,88000000020709
89000000019805,1,88000000019239
89000000019806,1,88000000019729
89000000019807,1,88000000020444
89000000019809,1,88000000020521
89000000019810,1,88000000021443
89000000019813,1,88000000020112
89000000019814,1,88000000022058
89000000019815,1,88000000020127
89000000019816,1,88000000020448
89000000019819,1,88000000019844
89000000019820,1,88000000020221
89000000019822,1,88000000018801
89000000019823,1,88000000020322
89000000019824,1,88000000020003
89000000019825,1,88000000019315
89000000019826,1,88000000021350
89000000019831,1,88000000020539
89000000019832,1,88000000020227
89000000019834,1,88000000021000
89000000019837,1,88000000019797
89000000019840,1,88000000019055
89000000019841,1,88000000022322
89000000019842,1,88000000020335
89000000019843,1,88000000021701
89000000019845,1,88000000019116
89000000019847,1,88000000019487
89000000019849,1,88000000020019
89000000019850,1,88000000021608
89000000019851,1,88000000021277
89000000019852,1,88000000021343
89000000019854,1,88000000019617
89000000019855,1,88000000019881
89000000019856,1,88000000020154
89000000019857,1,88000000020085
89000000019859,1,88000000019749
89000000019860,1,88000000019901
89000000019863,1,88000000021272
89000000019864,1,88000000017864
89000000019865,1,88000000020268
89000000019867,1,88000000020476
89000000019868,1,88000000019196
89000000019869,1,88000000017606
89000000019870,1,88000000017658
89000000019871,1,88000000021274
89000000019874,1,88000000019167
89000000019875,1,88000000020667
89000000019876,1,88000000019983
89000000019877,1,88000000018947
89000000019878,1,88000000022068
89000000019879,1,88000000021358
89000000019880,1,88000000019257
89000000019881,1,88000000017492
89000000019883,1,88000000019963
89000000019884,1,88000000021417
89000000019885,1,88000000018951
89000000019886,1,88000000021778
89000000019887,1,88000000020016
89000000019888,1,88000000020173
89000000019889,1,88000000019839
89000000019890,1,88000000018029
89000000019891,1,88000000018042
89000000019892,1,88000000021466
89000000019893,1,88000000020129
89000000019894,1,88000000018638
89000000019895,1,88000000021189
89000000019896,1,88000000020628
89000000019897,1,88000000017740
89000000019899,1,88000000019753
89000000019900,1,88000000017869
89000000019901,1,88000000021141
89000000019902,1,88000000018386
89000000019904,1,88000000019192
89000000019906,1,88000000018271
89000000019907,1,88000000020680
89000000019908,1,88000000019593
89000000019909,1,88000000019998
89000000019910,1,88000000021743
89000000019911,1,88000000019807
89000000019912,1,88000000019854
89000000019914,1,88000000020482
89000000019915,1,88000000020086
89000000019916,1,88000000012548
89000000019918,1,88000000019759
89000000019919,1,88000000020270
89000000019921,1,88000000020287
89000000019922,1,88000000018255
89000000019923,1,88000000020186
89000000019924,1,88000000019474
89000000019926,1,88000000020362
89000000019927,1,88000000020436
89000000019928,1,88000000019508
89000000019929,1,88000000020340
89000000019930,1,88000000020519
89000000019931,1,88000000020137
89000000019932,1,88000000020416
89000000019933,1,88000000020653
89000000019934,1,88000000017471
89000000019935,1,88000000020640
89000000019936,1,88000000020795
89000000019938,1,88000000021873
89000000019939,1,88000000020400
89000000019940,1,88000000021410
89000000019941,1,88000000020551
89000000019942,1,88000000020723
89000000019943,1,88000000020305
89000000019944,1,88000000017975
89000000019945,1,88000000021885
89000000019946,1,88000000019741
89000000019947,1,88000000019926
89000000019948,1,88000000019485
89000000019949,1,88000000021394
89000000019950,1,88000000020731
89000000019951,1,88000000020506
89000000019952,1,88000000020074
89000000019953,1,88000000020072
89000000019954,1,88000000019410
89000000019956,1,88000000020490
89000000019958,1,88000000020983
89000000019959,1,88000000020668
89000000019960,1,88000000020830
89000000019962,1,88000000018987
89000000019963,1,88000000020665
89000000019965,1,88000000019180
89000000019966,1,88000000020306
89000000019970,1,88000000020590
89000000019971,1,88000000021773
89000000019973,1,88000000019160
89000000019975,1,88000000018683
89000000019976,1,88000000020759
89000000019980,1,88000000021939
89000000019983,1,88000000022434
89000000019984,1,88000000021821
89000000019985,1,88000000020912
89000000019986,1,88000000020091
89000000019987,1,88000000020788
89000000019992,1,88000000019696
89000000019994,1,88000000019646
89000000020000,1,88000000017718
89000000020002,1,88000000020027
89000000020003,1,88000000019830
89000000020004,1,88000000021750
89000000020006,1,88000000020230
89000000020007,1,88000000020516
89000000020008,1,88000000018682
89000000020009,1,88000000020733
89000000020012,1,88000000021918
89000000020014,1,88000000019155
89000000020015,1,88000000021442
89000000020018,1,88000000019439
89000000020019,1,88000000019823
89000000020020,1,88000000020821
89000000020021,1,88000000020591
89000000020022,1,88000000019626
89000000020024,1,88000000020332
89000000020026,1,88000000020743
89000000020027,1,88000000020500
89000000020029,1,88000000020171
89000000020032,1,88000000019400
89000000020033,1,88000000019543
89000000020034,1,88000000020076
89000000020035,1,88000000019426
89000000020038,1,88000000019369
89000000020039,1,88000000020264
89000000020040,1,88000000020120
89000000020041,1,88000000020100
89000000020042,1,88000000016915
89000000020043,1,88000000019386
89000000020046,1,88000000020354
89000000020048,1,88000000019473
89000000020049,1,88000000020904
89000000020050,1,88000000019831
89000000020051,1,88000000022023
89000000020052,1,88000000020458
89000000020055,1,88000000021159
89000000020056,1,88000000020799
89000000020057,1,88000000020053
89000000020058,1,88000000021296
89000000020059,1,88000000018230
89000000020061,1,88000000018972
89000000020062,1,88000000019707
89000000020063,1,88000000020816
89000000020065,1,88000000020770
89000000020066,1,88000000019724
89000000020068,1,88000000018920
89000000020070,1,88000000020008
89000000020071,1,88000000021492
89000000020072,1,88000000019605
89000000020073,1,88000000020213
89000000020076,1,88000000020729
89000000020077,1,88000000019262
89000000020079,1,88000000020815
89000000020080,1,88000000015206
89000000020082,1,88000000019571
89000000020083,1,88000000014801
89000000020084,1,88000000021264
89000000020085,1,88000000020456
89000000020087,1,88000000019758
89000000020089,1,88000000021935
89000000020090,1,88000000021085
89000000020092,1,88000000018707
89000000020093,1,88000000019800
89000000020096,1,88000000020469
89000000020098,1,88000000020007
89000000020099,1,88000000019151
89000000020100,1,88000000019778
89000000020105,1,88000000021883
89000000020106,1,88000000019491
89000000020108,1,88000000020088
89000000020109,1,88000000020395
89000000020110,1,88000000020284
89000000020112,1,88000000019489
89000000020114,1,88000000020360
89000000020115,1,88000000021441
89000000020116,1,88000000020128
89000000020118,1,88000000019561
89000000020120,1,88000000019981
89000000020122,1,88000000020510
89000000020123,1,88000000020288
89000000020124,1,88000000019514
89000000020125,1,88000000020321
89000000020126,1,88000000020762
89000000020128,1,88000000018856
89000000020129,1,88000000020817
89000000020130,1,88000000018990
89000000020131,1,88000000019959
89000000020132,1,88000000020931
89000000020133,1,88000000019772
89000000020135,1,88000000019078
89000000020136,1,88000000019612
89000000020137,1,88000000021472
89000000020139,1,88000000020804
89000000020140,1,88000000020831
89000000020141,1,88000000020803
89000000020142,1,88000000021500
89000000020143,1,88000000019710
89000000020144,1,88000000020377
89000000020146,1,88000000021875
89000000020150,1,88000000019754
89000000020151,1,88000000022021
89000000020152,1,88000000019982
89000000020153,1,88000000020032
89000000020155,1,88000000020236
89000000020156,1,88000000020017
89000000020158,1,88000000020547
89000000020159,1,88000000020314
89000000020161,1,88000000021452
89000000020162,1,88000000021029
89000000020165,1,88000000019579
89000000020166,1,88000000021027
89000000020167,1,88000000020058
89000000020168,1,88000000019692
89000000020169,1,88000000020595
89000000020170,1,88000000019606
89000000020171,1,88000000019866
89000000020173,1,88000000021955
89000000020175,1,88000000019859
89000000020181,1,88000000020957
89000000020182,1,88000000019277
89000000020183,1,88000000022588
89000000020184,1,88000000021965
89000000020185,1,88000000014617
89000000020186,1,88000000020222
89000000020188,1,88000000018927
89000000020189,1,88000000020271
89000000020190,1,88000000020051
89000000020191,1,88000000020915
89000000020192,1,88000000020084
89000000020194,1,88000000020070
89000000020196,1,88000000021858
89000000020197,1,88000000020219
89000000020198,1,88000000019432
89000000020199,1,88000000019821
89000000020200,1,88000000018096
89000000020204,1,88000000020182
89000000020205,1,88000000020096
89000000020206,1,88000000017641
89000000020207,1,88000000020102
89000000020209,1,88000000020754
89000000020211,1,88000000020706
89000000020212,1,88000000019975
89000000020217,1,88000000019882
89000000020218,1,88000000018766
89000000020219,1,88000000019583
89000000020221,1,88000000020180
89000000020223,1,88000000020170
89000000020224,1,88000000020181
89000000020225,1,88000000019880
89000000020226,1,88000000020169
89000000020227,1,88000000020368
89000000020228,1,88000000020475
89000000020229,1,88000000020412
89000000020231,1,88000000018931
89000000020232,1,88000000020419
89000000020233,1,88000000018662
89000000020234,1,88000000020633
89000000020235,1,88000000019149
89000000020237,1,88000000020370
89000000020238,1,88000000020387
89000000020239,1,88000000019223
89000000020240,1,88000000019126
89000000020242,1,88000000019848
89000000020243,1,88000000020078
89000000020245,1,88000000020776
89000000020246,1,88000000014728
89000000020247,1,88000000022209
89000000020248,1,88000000019650
89000000020249,1,88000000019578
89000000020250,1,88000000020663
89000000020251,1,88000000019810
89000000020254,1,88000000019292
89000000020257,1,88000000021471
89000000020258,1,88000000019607
89000000020259,1,88000000020234
89000000020260,1,88000000020457
89000000020261,1,88000000020328
89000000020262,1,88000000020002
89000000020264,1,88000000020099
89000000020265,1,88000000019728
89000000020266,1,88000000018757
89000000020267,1,88000000020159
89000000020268,1,88000000018261
89000000020269,1,88000000020258
89000000020270,1,88000000020491
89000000020271,1,88000000018069
89000000020272,1,88000000020871
89000000020274,1,88000000020414
89000000020276,1,88000000015406
89000000020277,1,88000000020308
89000000020278,1,88000000020568
89000000020279,1,88000000021145
89000000020280,1,88000000019030
89000000020281,1,88000000016775
89000000020283,1,88000000020381
89000000020284,1,88000000020748
89000000020285,1,88000000020345
89000000020286,1,88000000020936
89000000020287,1,88000000020415
89000000020288,1,88000000021221
89000000020289,1,88000000021307
89000000020290,1,88000000018273
89000000020291,1,88000000019849
89000000020292,1,88000000020534
89000000020293,1,88000000020620
89000000020294,1,88000000019635
89000000020296,1,88000000021598
89000000020297,1,88000000018731
89000000020300,1,88000000021049
89000000020302,1,88000000020071
89000000020303,1,88000000020834
89000000020304,1,88000000020118
89000000020305,1,88000000020075
89000000020306,1,88000000020532
89000000020308,1,88000000016019
89000000020309,1,88000000019420
89000000020310,1,88000000019392
89000000020311,1,88000000020371
89000000020312,1,88000000019955
89000000020315,1,88000000017647
89000000020316,1,88000000020441
89000000020317,1,88000000018930
89000000020320,1,88000000020406
89000000020321,1,88000000021572
89000000020322,1,88000000022396
89000000020323,1,88000000019976
89000000020324,1,88000000020327
89000000020326,1,88000000020615
89000000020327,1,88000000021010
89000000020328,1,88000000020014
89000000020329,1,88000000018975
89000000020330,1,88000000021287
89000000020332,1,88000000019944
89000000020333,1,88000000020396
89000000020334,1,88000000019968
89000000020335,1,88000000020369
89000000020336,1,88000000019424
89000000020337,1,88000000018562
89000000020338,1,88000000020168
89000000020339,1,88000000020833
89000000020341,1,88000000021239
89000000020343,1,88000000018321
89000000020344,1,88000000021310
89000000020346,1,88000000019687
89000000020350,1,88000000019785
89000000020351,1,88000000020021
89000000020352,1,88000000022428
89000000020353,1,88000000015489
89000000020356,1,88000000019888
89000000020357,1,88000000019285
89000000020359,1,88000000020206
89000000020360,1,88000000020243
89000000020361,1,88000000020114
89000000020362,1,88000000020133
89000000020363,1,88000000019773
89000000020370,1,88000000020167
89000000020371,1,88000000019682
89000000020372,1,88000000019776
89000000020373,1,88000000022339
89000000020375,1,88000000020571
89000000020378,1,88000000020166
89000000020380,1,88000000020291
89000000020381,1,88000000021198
89000000020385,1,88000000017455
89000000020388,1,88000000021055
89000000020391,1,88000000020302
89000000020392,1,88000000017544
89000000020393,1,88000000020605
89000000020394,1,88000000021101
89000000020396,1,88000000019937
89000000020400,1,88000000018726
89000000020404,1,88000000018691
89000000020405,1,88000000020736
89000000020406,1,88000000019468
89000000020407,1,88000000021231
89000000020408,1,88000000020938
89000000020409,1,88000000021006
89000000020410,1,88000000020474
89000000020417,1,88000000020331
89000000020418,1,88000000021295
89000000020419,1,88000000020355
89000000020421,1,88000000019590
89000000020422,1,88000000017550
89000000020423,1,88000000020542
89000000020424,1,88000000021324
89000000020425,1,88000000021223
89000000020426,1,88000000019034
89000000020428,1,88000000019987
89000000020430,1,88000000019912
89000000020433,1,88000000021505
89000000020434,1,88000000019445
89000000020435,1,88000000020639
89000000020436,1,88000000020130
89000000020437,1,88000000018270
89000000020438,1,88000000020998
89000000020439,1,88000000021166
89000000020440,1,88000000021536
89000000020441,1,88000000021470
89000000020443,1,88000000022491
89000000020444,1,88000000020849
89000000020449,1,88000000021092
89000000020450,1,88000000022273
89000000020452,1,88000000021944
89000000020453,1,88000000022127
89000000020454,1,88000000021627
89000000020456,1,88000000021165
89000000020457,1,88000000021012
89000000020459,1,88000000020572
89000000020461,1,88000000020179
89000000020462,1,88000000021513
89000000020463,1,88000000021373
89000000020464,1,88000000021015
89000000020466,1,88000000020473
89000000020468,1,88000000021421
89000000020470,1,88000000017937
89000000020471,1,88000000021332
89000000020473,1,88000000021569
89000000020475,1,88000000019795
89000000020477,1,88000000019952
89000000020478,1,88000000021746
89000000020480,1,88000000021210
89000000020482,1,88000000019850
89000000020483,1,88000000019402
89000000020484,1,88000000020960
89000000020485,1,88000000021288
89000000020486,1,88000000021091
89000000020487,1,88000000020623
89000000020489,1,88000000022412
89000000020491,1,88000000020878
89000000020492,1,88000000020978
89000000020493,1,88000000021215
89000000020494,1,88000000021011
89000000020499,1,88000000021081
89000000020500,1,88000000021151
89000000020502,1,88000000020440
89000000020503,1,88000000022142
89000000020504,1,88000000020635
89000000020506,1,88000000020429
89000000020508,1,88000000020868
89000000020509,1,88000000018963
89000000020510,1,88000000020672
89000000020512,1,88000000021636
89000000020514,1,88000000020565
89000000020517,1,88000000020561
89000000020519,1,88000000022296
89000000020520,1,88000000021176
89000000020521,1,88000000019927
89000000020523,1,88000000019399
89000000020524,1,88000000020024
89000000020529,1,88000000017822
89000000020530,1,88000000017635
89000000020531,1,88000000021175
89000000020532,1,88000000018390
89000000020533,1,88000000022354
89000000020534,1,88000000019711
89000000020537,1,88000000021118
89000000020538,1,88000000021097
89000000020539,1,88000000021037
89000000020541,1,88000000021879
89000000020542,1,88000000021980
89000000020543,1,88000000020453
89000000020547,1,88000000020273
89000000020548,1,88000000020296
89000000020551,1,88000000020932
89000000020554,1,88000000020558
89000000020555,1,88000000021567
89000000020558,1,88000000019871
89000000020559,1,88000000019516
89000000020560,1,88000000020945
89000000020561,1,88000000021498
89000000020563,1,88000000020449
89000000020565,1,88000000020798
89000000020567,1,88000000020353
89000000020571,1,88000000021900
89000000020572,1,88000000019861
89000000020575,1,88000000020719
89000000020579,1,88000000020997
89000000020580,1,88000000020209
89000000020581,1,88000000020575
89000000020583,1,88000000022575
89000000020585,1,88000000021147
89000000020587,1,88000000021230
89000000020588,1,88000000021724
89000000020593,1,88000000021860
89000000020597,1,88000000020651
89000000020601,1,88000000016583
89000000020603,1,88000000022252
89000000020604,1,88000000020600
89000000020605,1,88000000020641
89000000020606,1,88000000020996
89000000020608,1,88000000021227
89000000020609,1,88000000020459
89000000020611,1,88000000020164
89000000020613,1,88000000022515
89000000020615,1,88000000018813
89000000020619,1,88000000020126
89000000020621,1,88000000017994
89000000020623,1,88000000021867
89000000020624,1,88000000021267
89000000020625,1,88000000020311
89000000020626,1,88000000021025
89000000020627,1,88000000021385
89000000020628,1,88000000020138
89000000020629,1,88000000019526
89000000020630,1,88000000019723
89000000020631,1,88000000020766
89000000020632,1,88000000020503
89000000020633,1,88000000021577
89000000020634,1,88000000015333
89000000020635,1,88000000020947
89000000020636,1,88000000022223
89000000020638,1,88000000018953
89000000020639,1,88000000020569
89000000020640,1,88000000015941
89000000020642,1,88000000022386
89000000020644,1,88000000022091
89000000020645,1,88000000020724
89000000020646,1,88000000020859
89000000020647,1,88000000019000
89000000020648,1,88000000021333
89000000020649,1,88000000020735
89000000020651,1,88000000021436
89000000020655,1,88000000022526
89000000020657,1,88000000020685
89000000020658,1,88000000020634
89000000020659,1,88000000022065
89000000020661,1,88000000022003
89000000020666,1,88000000020401
89000000020668,1,88000000022445
89000000020670,1,88000000020976
89000000020672,1,88000000021828
89000000020673,1,88000000020842
89000000020675,1,88000000020890
89000000020676,1,88000000019472
89000000020677,1,88000000022460
89000000020678,1,88000000020146
89000000020679,1,88000000020943
89000000020680,1,88000000020956
89000000020684,1,88000000020125
89000000020685,1,88000000021393
89000000020687,1,88000000020555
89000000020689,1,88000000020248
89000000020692,1,88000000019745
89000000020693,1,88000000019751
89000000020695,1,88000000021762
89000000020696,1,88000000020402
89000000020698,1,88000000021235
89000000020699,1,88000000020917
89000000020700,1,88000000020860
89000000020701,1,88000000021036
89000000020703,1,88000000020958
89000000020704,1,88000000021313
89000000020705,1,88000000020946
89000000020709,1,88000000020682
89000000020713,1,88000000021355
89000000020716,1,88000000018767
89000000020719,1,88000000020920
89000000020720,1,88000000020625
89000000020721,1,88000000020808
89000000020723,1,88000000018907
89000000020724,1,88000000020951
89000000020725,1,88000000020952
89000000020727,1,88000000020865
89000000020733,1,88000000020813
89000000020734,1,88000000020673
89000000020737,1,88000000019691
89000000020738,1,88000000020819
89000000020740,1,88000000020283
89000000020741,1,88000000021253
89000000020742,1,88000000020963
89000000020743,1,88000000021286
89000000020745,1,88000000019616
89000000020748,1,88000000020039
89000000020749,1,88000000020022
89000000020750,1,88000000022087
89000000020751,1,88000000021089
89000000020753,1,88000000021431
89000000020754,1,88000000020870
89000000020755,1,88000000018331
89000000020758,1,88000000021420
89000000020759,1,88000000020352
89000000020763,1,88000000021319
89000000020766,1,88000000020654
89000000020768,1,88000000019834
89000000020769,1,88000000021795
89000000020770,1,88000000020749
89000000020773,1,88000000021901
89000000020774,1,88000000020886
89000000020775,1,88000000021383
89000000020777,1,88000000020990
89000000020778,1,88000000020690
89000000020782,1,88000000021004
89000000020784,1,88000000021103
89000000020786,1,88000000021053
89000000020787,1,88000000020910
89000000020790,1,88000000021604
89000000020791,1,88000000021635
89000000020792,1,88000000021851
89000000020796,1,88000000020043
89000000020800,1,88000000021064
89000000020806,1,88000000021072
89000000020809,1,88000000020082
89000000020812,1,88000000020796
89000000020814,1,88000000021387
89000000020819,1,88000000021026
89000000020820,1,88000000020950
89000000020822,1,88000000022458
89000000020823,1,88000000020675
89000000020824,1,88000000018526
89000000020826,1,88000000021834
89000000020830,1,88000000017515
89000000020831,1,88000000019345
89000000020836,1,88000000021830
89000000020840,1,88000000020792
89000000020842,1,88000000021814
89000000020847,1,88000000022554
89000000020848,1,88000000018939
89000000020849,1,88000000020874
89000000020850,1,88000000021218
89000000020851,1,88000000021002
89000000020852,1,88000000021125
89000000020854,1,88000000021275
89000000020855,1,88000000020905
89000000020856,1,88000000021706
89000000020861,1,88000000021069
89000000020862,1,88000000021063
89000000020863,1,88000000021196
89000000020864,1,88000000018748
89000000020865,1,88000000021136
89000000020866,1,88000000013471
89000000020868,1,88000000021115
89000000020869,1,88000000021497
89000000020870,1,88000000020462
89000000020871,1,88000000020190
89000000020873,1,88000000022287
89000000020875,1,88000000019643
89000000020876,1,88000000019889
89000000020877,1,88000000021246
89000000020878,1,88000000021440
89000000020882,1,88000000020244
89000000020883,1,88000000020598
89000000020886,1,88000000022256
89000000020891,1,88000000021060
89000000020893,1,88000000020880
89000000020894,1,88000000021300
89000000020895,1,88000000018829
89000000020903,1,88000000021057
89000000020904,1,88000000020809
89000000020905,1,88000000017687
89000000020906,1,88000000020040
89000000020910,1,88000000020398
89000000020911,1,88000000022254
89000000020912,1,88000000021897
89000000020917,1,88000000021372
89000000020918,1,88000000020670
89000000020920,1,88000000021444
89000000020921,1,88000000022082
89000000020922,1,88000000020828
89000000020924,1,88000000022328
89000000020926,1,88000000020330
89000000020928,1,88000000021245
89000000020929,1,88000000021429
89000000020931,1,88000000021483
89000000020933,1,88000000019974
89000000020934,1,88000000021720
89000000020935,1,88000000021005
89000000020936,1,88000000021515
89000000020939,1,88000000020964
89000000020940,1,88000000020737
89000000020941,1,88000000019070
89000000020944,1,88000000020863
89000000020948,1,88000000020853
89000000020949,1,88000000021180
89000000020950,1,88000000015398
89000000020955,1,88000000021023
89000000020957,1,88000000020968
89000000020960,1,88000000020843
89000000020961,1,88000000020726
89000000020962,1,88000000021561
89000000020964,1,88000000021993
89000000020965,1,88000000019956
89000000020966,1,88000000020806
89000000020967,1,88000000020606
89000000020968,1,88000000020768
89000000020969,1,88000000020692
89000000020970,1,88000000021449
89000000020972,1,88000000021870
89000000020973,1,88000000021117
89000000020975,1,88000000020617
89000000020977,1,88000000014390
89000000020978,1,88000000021052
89000000020980,1,88000000018944
89000000020981,1,88000000020224
89000000020983,1,88000000020701
89000000020984,1,88000000020962
89000000020985,1,88000000020841
89000000020986,1,88000000020908
89000000020987,1,88000000021412
89000000020988,1,88000000019799
89000000020989,1,88000000021964
89000000020990,1,88000000021211
89000000020994,1,88000000021660
89000000020995,1,88000000021435
89000000020998,1,88000000022297
89000000021001,1,88000000020113
89000000021002,1,88000000020826
89000000021009,1,88000000021523
89000000021011,1,88000000022175
89000000021014,1,88000000020884
89000000021017,1,88000000020924
89000000021018,1,88000000017737
89000000021019,1,88000000022416
89000000021020,1,88000000021349
89000000021021,1,88000000021111
89000000021024,1,88000000020710
89000000021025,1,88000000021455
89000000021026,1,88000000021453
89000000021027,1,88000000022277
89000000021028,1,88000000020467
89000000021029,1,88000000022448
89000000021030,1,88000000021039
89000000021031,1,88000000019139
89000000021032,1,88000000021473
89000000021033,1,88000000020403
89000000021034,1,88000000022032
89000000021036,1,88000000020991
89000000021037,1,88000000021359
89000000021038,1,88000000020989
89000000021039,1,88000000020727
89000000021041,1,88000000020638
89000000021042,1,88000000021297
89000000021043,1,88000000020793
89000000021044,1,88000000020055
89000000021046,1,88000000020616
89000000021049,1,88000000021409
89000000021051,1,88000000019090
89000000021052,1,88000000020576
89000000021053,1,88000000020837
89000000021054,1,88000000021290
89000000021055,1,88000000021491
89000000021057,1,88000000022499
89000000021058,1,88000000018292
89000000021061,1,88000000018457
89000000021062,1,88000000019808
89000000021063,1,88000000020632
89000000021064,1,88000000022520
89000000021065,1,88000000021469
89000000021066,1,88000000019841
89000000021067,1,88000000020691
89000000021068,1,88000000021190
89000000021069,1,88000000022392
89000000021070,1,88000000022503
89000000021071,1,88000000021076
89000000021074,1,88000000021418
89000000021075,1,88000000019187
89000000021076,1,88000000021050
89000000021078,1,88000000020408
89000000021080,1,88000000018715
89000000021081,1,88000000020644
89000000021082,1,88000000020907
89000000021083,1,88000000019942
89000000021085,1,88000000021194
89000000021087,1,88000000021247
89000000021090,1,88000000021315
89000000021093,1,88000000021252
89000000021094,1,88000000020290
89000000021095,1,88000000020999
89000000021097,1,88000000019920
89000000021099,1,88000000019213
89000000021100,1,88000000021986
89000000021101,1,88000000021078
89000000021102,1,88000000020985
89000000021103,1,88000000021156
89000000021104,1,88000000021517
89000000021105,1,88000000019712
89000000021107,1,88000000018567
89000000021108,1,88000000018429
89000000021110,1,88000000021168
89000000021112,1,88000000020538
89000000021113,1,88000000020101
89000000021114,1,88000000020570
89000000021115,1,88000000021323
89000000021116,1,88000000019031
89000000021120,1,88000000020260
89000000021121,1,88000000020095
89000000021122,1,88000000021345
89000000021123,1,88000000021700
89000000021126,1,88000000022313
89000000021127,1,88000000019903
89000000021128,1,88000000020136
89000000021129,1,88000000022052
89000000021132,1,88000000022362
89000000021134,1,88000000021434
89000000021136,1,88000000021413
89000000021140,1,88000000022596
89000000021146,1,88000000019908
89000000021148,1,88000000021161
89000000021149,1,88000000022070
89000000021151,1,88000000022213
89000000021152,1,88000000019137
89000000021153,1,88000000018240
89000000021155,1,88000000020110
89000000021156,1,88000000021849
89000000021157,1,88000000018280
89000000021158,1,88000000019907
89000000021159,1,88000000021134
89000000021161,1,88000000022577
89000000021163,1,88000000020585
89000000021165,1,88000000021219
89000000021166,1,88000000021428
89000000021167,1,88000000020334
89000000021169,1,88000000011163
89000000021170,1,88000000018574
89000000021172,1,88000000019763
89000000021173,1,88000000021543
89000000021174,1,88000000020047
89000000021175,1,88000000019102
89000000021177,1,88000000019838
89000000021178,1,88000000020621
89000000021186,1,88000000019323
89000000021187,1,88000000022433
89000000021189,1,88000000021209
89000000021190,1,88000000021312
89000000021191,1,88000000018428
89000000021192,1,88000000021534
89000000021193,1,88000000020013
89000000021194,1,88000000020316
89000000021198,1,88000000021289
89000000021200,1,88000000021487
89000000021201,1,88000000021279
89000000021202,1,88000000021199
89000000021203,1,88000000021648
89000000021204,1,88000000018468
89000000021211,1,88000000021217
89000000021212,1,88000000022195
89000000021213,1,88000000021422
89000000021215,1,88000000021065
89000000021216,1,88000000021280
89000000021217,1,88000000021105
89000000021218,1,88000000021222
89000000021220,1,88000000018893
89000000021221,1,88000000022042
89000000021222,1,88000000021150
89000000021224,1,88000000020603
89000000021229,1,88000000020942
89000000021230,1,88000000020974
89000000021231,1,88000000021228
89000000021233,1,88000000022498
89000000021237,1,88000000020045
89000000021239,1,88000000020259
89000000021240,1,88000000021380
89000000021241,1,88000000017957
89000000021243,1,88000000020856
89000000021244,1,88000000021403
89000000021245,1,88000000022185
89000000021247,1,88000000021439
89000000021248,1,88000000021079
89000000021250,1,88000000021450
89000000021252,1,88000000021120
89000000021254,1,88000000019453
89000000021256,1,88000000018563
89000000021257,1,88000000020953
89000000021259,1,88000000020914
89000000021260,1,88000000021259
89000000021261,1,88000000020862
89000000021264,1,88000000022521
89000000021265,1,88000000019566
89000000021266,1,88000000020379
89000000021268,1,88000000020566
89000000021269,1,88000000021917
89000000021270,1,88000000020431
89000000021271,1,88000000021896
89000000021272,1,88000000020619
89000000021273,1,88000000020885
89000000021274,1,88000000020450
89000000021277,1,88000000022470
89000000021279,1,88000000021154
89000000021280,1,88000000020199
89000000021282,1,88000000021391
89000000021288,1,88000000019374
89000000021290,1,88000000022432
89000000021291,1,88000000021325
89000000021292,1,88000000021082
89000000021294,1,88000000021337
89000000021295,1,88000000021845
89000000021296,1,88000000020875
89000000021297,1,88000000022285
89000000021300,1,88000000021419
89000000021302,1,88000000021171
89000000021303,1,88000000020721
89000000021305,1,88000000021243
89000000021306,1,88000000021958
89000000021309,1,88000000022451
89000000021310,1,88000000014454
89000000021312,1,88000000022481
89000000021316,1,88000000021153
89000000021319,1,88000000021595
89000000021320,1,88000000021121
89000000021321,1,88000000019964
89000000021322,1,88000000016143
89000000021325,1,88000000017059
89000000021331,1,88000000022408
89000000021332,1,88000000021511
89000000021334,1,88000000020649
89000000021336,1,88000000018260
89000000021338,1,88000000021827
89000000021341,1,88000000021510
89000000021342,1,88000000022524
89000000021343,1,88000000021122
89000000021344,1,88000000022144
89000000021345,1,88000000021717
89000000021346,1,88000000020156
89000000021348,1,88000000020556
89000000021351,1,88000000022241
89000000021352,1,88000000022145
89000000021354,1,88000000019117
89000000021355,1,88000000021915
89000000021356,1,88000000019788
89000000021364,1,88000000015909
89000000021365,1,88000000022164
89000000021367,1,88000000019243
89000000021369,1,88000000021104
89000000021371,1,88000000022121
89000000021372,1,88000000021354
89000000021375,1,88000000021241
89000000021377,1,88000000020972
89000000021378,1,88000000018527
89000000021380,1,88000000022542
89000000021382,1,88000000020889
89000000021384,1,88000000021059
89000000021385,1,88000000022208
89000000021388,1,88000000017089
89000000021390,1,88000000019929
89000000021392,1,88000000021188
89000000021395,1,88000000020253
89000000021396,1,88000000021767
89000000021397,1,88000000021357
89000000021398,1,88000000019809
89000000021406,1,88000000021213
89000000021408,1,88000000021544
89000000021410,1,88000000021506
89000000021411,1,88000000021061
89000000021413,1,88000000021128
89000000021414,1,88000000020786
89000000021418,1,88000000021813
89000000021421,1,88000000020916
89000000021422,1,88000000020470
89000000021424,1,88000000020867
89000000021427,1,88000000017375
89000000021428,1,88000000019970
89000000021433,1,88000000020745
89000000021436,1,88000000022050
89000000021437,1,88000000021963
89000000021439,1,88000000021705
89000000021441,1,88000000021113
89000000021446,1,88000000021942
89000000021447,1,88000000022047
89000000021451,1,88000000022497
89000000021453,1,88000000021571
89000000021454,1,88000000020898
89000000021455,1,88000000021704
89000000021461,1,88000000022102
89000000021462,1,88000000022364
89000000021464,1,88000000022591
89000000021467,1,88000000022494
89000000021468,1,88000000022243
89000000021471,1,88000000020642
89000000021472,1,88000000018616
89000000021473,1,88000000022560
89000000021474,1,88000000021809
89000000021476,1,88000000021987
89000000021478,1,88000000018239
89000000021482,1,88000000021388
89000000021488,1,88000000022162
89000000021495,1,88000000020970
89000000021498,1,88000000022298
89000000021499,1,88000000021741
89000000021500,1,88000000021592
89000000021517,1,88000000022468
89000000021518,1,88000000022167
89000000021519,1,88000000022206
89000000021520,1,88000000021596
89000000021523,1,88000000022318
89000000021524,1,88000000020580
89000000021525,1,88000000021763
89000000021527,1,88000000021375
89000000021528,1,88000000022022
89000000021532,1,88000000021149
89000000021534,1,88000000021740
89000000021536,1,88000000019950
89000000021537,1,88000000020338
89000000021538,1,88000000021716
89000000021539,1,88000000021583
89000000021544,1,88000000022283
89000000021546,1,88000000021719
89000000021548,1,88000000018850
89000000021553,1,88000000019553
89000000021554,1,88000000021522
89000000021559,1,88000000022375
89000000021562,1,88000000021361
89000000021563,1,88000000022404
89000000021566,1,88000000021708
89000000021570,1,88000000021046
89000000021573,1,88000000022326
89000000021585,1,88000000019600
89000000021586,1,88000000022302
89000000021592,1,88000000022382
89000000021596,1,88000000022400
89000000021599,1,88000000021832
89000000021600,1,88000000021251
89000000021601,1,88000000019991
89000000021606,1,88000000021775
89000000021607,1,88000000021674
89000000021612,1,88000000021261
89000000021614,1,88000000021524
89000000021617,1,88000000020269
89000000021618,1,88000000021331
89000000021619,1,88000000020042
89000000021623,1,88000000017526
89000000021626,1,88000000021234
89000000021628,1,88000000019637
89000000021629,1,88000000022517
89000000021631,1,88000000022516
89000000021636,1,88000000019766
89000000021641,1,88000000021782
89000000021642,1,88000000022584
89000000021644,1,88000000021001
89000000021647,1,88000000022056
89000000021649,1,88000000022482
89000000021653,1,88000000021997
89000000021660,1,88000000020023
89000000021661,1,88000000022583
89000000021667,1,88000000022081
89000000021672,1,88000000018823
89000000021673,1,88000000020215
89000000021675,1,88000000022343
89000000021677,1,88000000021979
89000000021683,1,88000000021018
89000000021685,1,88000000021696
89000000021686,1,88000000020872
89000000021687,1,88000000018297
89000000021688,1,88000000022407
89000000021694,1,88000000021943
89000000021695,1,88000000022248
89000000021696,1,88000000021250
89000000021698,1,88000000018381
89000000021699,1,88000000021839
89000000021702,1,88000000021925
89000000021705,1,88000000022518
89000000021707,1,88000000022173
89000000021708,1,88000000022086
89000000021710,1,88000000021619
89000000021711,1,88000000021911
89000000021712,1,88000000021973
89000000021714,1,88000000015162
89000000021715,1,88000000019805
89000000021719,1,88000000021306
89000000021720,1,88000000022341
89000000021721,1,88000000020767
89000000021725,1,88000000022333
89000000021730,1,88000000021541
89000000021731,1,88000000020741
89000000021732,1,88000000021291
89000000021734,1,88000000020720
89000000021739,1,88000000020432
89000000021743,1,88000000021966
89000000021746,1,88000000022550
89000000021751,1,88000000021030
89000000021756,1,88000000022288
89000000021758,1,88000000021098
89000000021759,1,88000000022373
89000000021767,1,88000000022038
89000000021771,1,88000000020939
89000000021772,1,88000000021781
89000000021778,1,88000000020477
89000000021779,1,88000000020465
89000000021781,1,88000000021745
89000000021782,1,88000000019701
89000000021783,1,88000000020582
89000000021785,1,88000000021668
89000000021788,1,88000000019531
89000000021791,1,88000000022595
89000000021794,1,88000000021937
89000000021795,1,88000000022369
89000000021796,1,88000000019648
89000000021798,1,88000000021621
89000000021800,1,88000000017206
89000000021801,1,88000000021460
89000000021809,1,88000000020777
89000000021812,1,88000000022570
89000000021817,1,88000000022141
89000000021823,1,88000000021756
89000000021826,1,88000000019734
89000000021827,1,88000000021671
89000000021828,1,88000000021581
89000000021829,1,88000000021920
89000000021832,1,88000000021985
89000000021835,1,88000000021493
89000000021837,1,88000000021294
89000000021846,1,88000000021643
89000000021849,1,88000000021550
89000000021850,1,88000000021611
89000000021853,1,88000000021547
89000000021854,1,88000000021603
89000000021855,1,88000000022293
89000000021858,1,88000000020892
89000000021863,1,88000000021847
89000000021867,1,88000000021502
89000000021870,1,88000000022272
89000000021872,1,88000000021817
89000000021873,1,88000000022578
89000000021875,1,88000000021736
89000000021877,1,88000000021552
89000000021878,1,88000000022122
89000000021879,1,88000000022423
89000000021880,1,88000000019089
89000000021881,1,88000000020845
89000000021883,1,88000000020801
89000000021885,1,88000000020744
89000000021887,1,88000000020212
89000000021889,1,88000000022456
89000000021890,1,88000000020782
89000000021892,1,88000000021949
89000000021895,1,88000000021565
89000000021900,1,88000000022397
89000000021903,1,88000000020293
89000000021905,1,88000000021836
89000000021906,1,88000000022426
89000000021907,1,88000000020445
89000000021911,1,88000000022281
89000000021912,1,88000000021940
89000000021914,1,88000000021622
89000000021915,1,88000000020267
89000000021916,1,88000000020732
89000000021918,1,88000000021158
89000000021920,1,88000000021640
89000000021926,1,88000000022095
89000000021927,1,88000000022031
89000000021931,1,88000000021564
89000000021934,1,88000000021974
89000000021938,1,88000000021644
89000000021939,1,88000000022024
89000000021942,1,88000000020657
89000000021945,1,88000000021824
89000000021948,1,88000000014540
89000000021950,1,88000000022096
89000000021956,1,88000000020695
89000000021958,1,88000000022320
89000000021960,1,88000000022291
89000000021961,1,88000000019418
89000000021964,1,88000000022535
89000000021965,1,88000000021257
89000000021966,1,88000000021637
89000000021967,1,88000000022551
89000000021968,1,88000000022292
89000000021969,1,88000000020810
89000000021970,1,88000000019988
89000000021972,1,88000000022519
89000000021977,1,88000000021360
89000000021980,1,88000000021459
89000000021981,1,88000000022111
89000000021983,1,88000000021641
89000000021984,1,88000000021426
89000000021991,1,88000000021678
89000000021992,1,88000000020589
89000000021993,1,88000000019719
89000000021998,1,88000000021656
89000000022002,1,88000000022089
89000000022003,1,88000000020869
89000000022006,1,88000000020765
89000000022008,1,88000000022590
89000000022009,1,88000000019649
89000000022012,1,88000000020562
89000000022013,1,88000000020674
89000000022019,1,88000000022336
89000000022021,1,88000000022525
89000000022023,1,88000000021256
89000000022024,1,88000000022365
89000000022030,1,88000000022299
89000000022034,1,88000000019207
89000000022036,1,88000000020764
89000000022039,1,88000000021871
89000000022044,1,88000000022421
89000000022047,1,88000000015820
89000000022049,1,88000000020105
89000000022050,1,88000000022057
89000000022057,1,88000000022360
89000000022058,1,88000000014573
89000000022059,1,88000000013936
89000000022060,1,88000000020622
89000000022063,1,88000000022267
89000000022064,1,88000000021088
89000000022066,1,88000000022346
89000000022068,1,88000000021718
89000000022070,1,88000000021728
89000000022072,1,88000000022294
89000000022077,1,88000000021681
89000000022084,1,88000000020030
89000000022087,1,88000000022219
89000000022092,1,88000000020261
89000000022095,1,88000000022370
89000000022098,1,88000000019480
89000000022099,1,88000000022246
89000000022101,1,88000000021040
89000000022112,1,88000000022398
89000000022113,1,88000000021414
89000000022114,1,88000000021852
89000000022117,1,88000000022446
89000000022119,1,88000000021525
89000000022120,1,88000000022463
89000000022122,1,88000000021731
89000000022124,1,88000000022534
89000000022125,1,88000000019972
89000000022127,1,88000000021458
89000000022133,1,88000000021162
89000000022134,1,88000000022226
89000000022138,1,88000000021366
89000000022143,1,88000000018897
89000000022148,1,88000000022437
89000000022151,1,88000000020995
89000000022153,1,88000000021771
89000000022159,1,88000000020784
89000000022161,1,88000000020882
89000000022162,1,88000000021262
89000000022164,1,88000000022484
89000000022167,1,88000000020697
89000000022169,1,88000000020969
89000000022172,1,88000000020018
89000000022173,1,88000000022186
89000000022177,1,88000000020001
89000000022183,1,88000000022337
89000000022184,1,88000000015051
89000000022186,1,88000000022366
89000000022189,1,88000000022020
89000000022196,1,88000000022225
89000000022203,1,88000000019985
89000000022206,1,88000000020583
89000000022208,1,88000000020643
89000000022209,1,88000000021953
89000000022210,1,88000000022263
89000000022211,1,88000000022530
89000000022213,1,88000000019668
89000000022221,1,88000000020894
89000000022224,1,88000000021686
89000000022226,1,88000000022431
89000000022227,1,88000000021625
89000000022228,1,88000000021530
89000000022233,1,88000000016391
89000000022239,1,88000000021554
89000000022247,1,88000000010941
89000000022252,1,88000000021292
89000000022256,1,88000000022562
89000000022259,1,88000000022493
89000000022262,1,88000000022357
89000000022263,1,88000000019261
89000000022264,1,88000000022036
89000000022269,1,88000000021732
89000000022272,1,88000000020005
89000000022276,1,88000000022260
89000000022279,1,88000000022067
89000000022280,1,88000000021990
89000000022282,1,88000000021757
89000000022284,1,88000000019774
89000000022286,1,88000000021895
89000000022290,1,88000000021395
89000000022297,1,88000000020911
89000000022299,1,88000000021102
89000000022306,1,88000000021612
89000000022312,1,88000000017735
89000000022313,1,88000000021961
89000000022317,1,88000000019862
89000000022319,1,88000000018634
89000000022321,1,88000000020903
89000000022323,1,88000000014952
89000000022324,1,88000000021975
89000000022325,1,88000000019872
89000000022326,1,88000000021301
89000000022328,1,88000000021812
89000000022330,1,88000000022580
89000000022331,1,88000000022512
89000000022335,1,88000000021962
89000000022337,1,88000000020262
89000000022339,1,88000000022159
89000000022341,1,88000000022351
89000000022342,1,88000000022183
89000000022344,1,88000000020774
89000000022350,1,88000000020937
89000000022351,1,88000000022409
89000000022353,1,88000000016933
89000000022360,1,88000000020202
89000000022361,1,88000000022211
89000000022363,1,88000000020624
89000000022365,1,88000000021926
89000000022366,1,88000000022104
89000000022369,1,88000000021769
89000000022373,1,88000000022181
89000000022375,1,88000000020581
89000000022381,1,88000000021970
89000000022387,1,88000000020155
89000000022394,1,88000000017005
89000000022396,1,88000000021316
89000000022398,1,88000000019851
89000000022399,1,88000000022418
89000000022403,1,88000000021454
89000000022404,1,88000000022555
89000000022406,1,88000000021638
89000000022407,1,88000000022137
89000000022408,1,88000000019791
89000000022410,1,88000000022435
89000000022417,1,88000000022304
89000000022425,1,88000000021482
89000000022430,1,88000000021630
89000000022432,1,88000000019332
89000000022436,1,88000000020738
89000000022437,1,88000000020864
89000000022438,1,88000000022190
89000000022440,1,88000000021408
89000000022443,1,88000000022413
89000000022444,1,88000000021341
89000000022446,1,88000000022152
89000000022452,1,88000000020707
89000000022455,1,88000000021474
89000000022456,1,88000000022505
89000000022458,1,88000000018167
89000000022460,1,88000000022063
89000000022466,1,88000000021727
89000000022467,1,88000000022540
89000000022472,1,88000000018745
89000000022477,1,88000000020948
89000000022479,1,88000000022309
90000000000474,1,88000000000604
90000000000493,2,"88000000000497,88000000015518"
90000000000561,2,"88000000000505,88000000008596"
90000000000609,1,88000000000572
90000000000692,1,88000000000346
90000000000808,1,88000000000723
90000000000871,1,88000000000573
90000000000899,1,88000000000834
90000000000957,1,88000000000848
90000000000974,1,88000000001012
90000000001078,1,88000000000839
90000000001136,1,88000000000593
90000000001139,1,88000000001097
90000000001304,1,88000000001424
90000000001373,1,88000000001364
90000000001519,1,88000000001770
90000000001632,1,88000000001473
90000000001707,1,88000000001552
90000000001760,1,88000000000772
90000000001783,1,88000000001566
90000000001800,1,88000000001648
90000000001822,1,88000000001977
90000000001839,1,88000000001433
90000000001883,1,88000000001599
90000000001977,1,88000000001985
90000000002058,1,88000000002038
90000000002202,1,88000000002077
90000000002203,1,88000000001755
90000000002218,1,88000000002764
90000000002259,1,88000000002013
90000000002285,1,88000000002266
90000000002324,1,88000000002190
90000000002727,1,88000000003459
90000000002738,1,88000000003006
90000000002770,2,"88000000003216,88000000007609"
90000000002775,1,88000000002517
90000000002776,1,88000000002811
90000000003307,1,88000000003810
90000000003467,1,88000000003175
90000000003482,1,88000000003010
90000000003673,1,88000000004736
90000000003802,1,88000000004013
90000000003960,1,88000000003740
90000000003977,1,88000000003751
90000000004083,1,88000000003920
90000000004267,1,88000000004065
90000000004297,1,88000000004649
90000000004303,1,88000000003582
90000000004337,1,88000000003634
90000000004454,1,88000000004216
90000000004573,1,88000000003630
90000000004606,1,88000000005436
90000000004774,1,88000000005146
90000000004796,1,88000000005506
90000000005143,1,88000000004630
90000000005338,1,88000000005127
90000000005347,1,88000000005147
90000000005377,1,88000000003699
90000000005427,1,88000000005820
90000000005462,1,88000000005253
90000000005535,1,88000000007157
90000000005629,1,88000000005523
90000000005684,1,88000000004359
90000000005697,2,"88000000005025,88000000004593"
90000000005811,1,88000000005899
90000000005886,1,88000000008926
90000000005930,1,88000000004431
90000000005967,1,88000000006192
90000000005984,1,88000000005759
90000000006022,1,88000000007441
90000000006041,1,88000000006414
90000000006310,1,88000000008402
90000000006466,1,88000000006871
90000000006549,1,88000000006664
90000000006702,1,88000000006558
90000000006723,1,88000000004030
90000000006745,1,88000000006539
90000000006800,1,88000000006516
90000000006823,1,88000000006184
90000000006867,1,88000000006555
90000000006893,1,88000000008249
90000000006918,1,88000000011683
90000000006957,1,88000000006677
90000000006992,1,88000000006967
90000000007122,1,88000000008573
90000000007215,1,88000000007797
90000000007334,1,88000000004309
90000000007347,1,88000000007106
90000000007393,1,88000000008044
90000000007474,1,88000000007207
90000000007594,1,88000000007979
90000000007596,1,88000000007688
90000000007618,1,88000000007711
90000000007637,1,88000000007028
90000000007671,1,88000000008405
90000000007686,1,88000000008368
90000000007703,1,88000000008461
90000000007751,1,88000000006781
90000000007802,1,88000000006825
90000000008020,1,88000000006524
90000000008023,1,88000000008564
90000000008039,1,88000000004044
90000000008495,1,88000000009294
90000000008501,1,88000000012267
90000000008544,1,88000000010036
90000000008551,1,88000000008088
90000000008696,1,88000000009273
90000000008786,1,88000000009053
90000000008845,1,88000000008647
90000000008930,1,88000000007634
90000000008996,1,88000000007935
90000000009036,1,88000000013022
90000000009051,1,88000000011914
90000000009104,1,88000000011338
90000000009283,1,88000000009260
90000000009381,1,88000000007477
90000000009401,1,88000000009213
90000000009486,1,88000000004967
90000000009526,1,88000000008522
90000000009603,1,88000000007731
90000000009694,1,88000000012779
90000000009819,1,88000000008832
90000000009851,1,88000000005334
90000000009919,1,88000000009437
90000000009944,1,88000000016184
90000000009959,1,88000000012947
90000000010048,1,88000000007972
90000000010050,1,88000000009474
90000000010085,1,88000000012631
90000000010209,1,88000000009240
90000000010219,1,88000000007829
90000000010234,1,88000000008389
90000000010237,1,88000000009412
90000000010320,1,88000000007621
90000000010363,1,88000000010853
90000000010402,1,88000000010665
90000000010417,1,88000000010842
90000000010455,1,88000000011314
90000000010614,1,88000000009856
90000000010728,1,88000000011234
90000000010743,1,88000000005855
90000000010834,1,88000000011416
90000000010881,1,88000000013148
90000000010974,1,88000000012275
90000000011014,1,88000000008191
90000000011051,1,88000000013087
90000000011110,1,88000000011439
90000000011134,1,88000000010632
90000000011260,1,88000000005739
90000000011261,1,88000000011371
90000000011313,1,88000000008784
90000000011404,1,88000000015789
90000000011413,1,88000000010379
90000000011506,1,88000000017256
90000000011550,1,88000000008294
90000000011574,1,88000000010928
90000000011585,1,88000000014011
90000000011677,1,88000000010968
90000000011678,1,88000000012106
90000000011715,1,88000000011275
90000000011747,1,88000000012452
90000000011838,1,88000000010667
90000000011868,1,88000000011326
90000000011879,1,88000000006705
90000000011885,1,88000000015284
90000000011952,1,88000000012614
90000000011956,1,88000000010521
90000000011967,1,88000000018480
90000000012020,1,88000000008181
90000000012037,1,88000000021182
90000000012136,1,88000000011621
90000000012262,1,88000000009296
90000000012307,1,88000000006569
90000000012369,1,88000000012747
90000000012444,1,88000000012989
90000000012487,1,88000000006645
90000000012510,1,88000000009703
90000000012547,1,88000000010808
90000000012615,1,88000000015788
90000000012802,1,88000000012504
90000000012834,1,88000000010130
90000000012861,1,88000000011444
90000000012884,1,88000000013544
90000000013028,1,88000000013012
90000000013041,1,88000000012602
90000000013042,1,88000000011794
90000000013058,1,88000000013901
90000000013187,1,88000000020394
90000000013293,1,88000000013860
90000000013347,1,88000000004846
90000000013466,1,88000000013741
90000000013473,1,88000000012327
90000000013477,1,88000000013658
90000000013551,1,88000000020548
90000000013573,1,88000000012042
90000000013709,1,88000000012015
90000000013796,1,88000000013666
90000000013886,1,88000000013824
90000000013896,1,88000000016724
90000000013933,1,88000000014534
90000000014021,1,88000000011344
90000000014046,1,88000000008533
90000000014116,1,88000000012738
90000000014158,1,88000000014072
90000000014188,1,88000000016777
90000000014209,1,88000000017289
90000000014221,1,88000000014382
90000000014232,1,88000000014979
90000000014271,1,88000000013175
90000000014276,1,88000000014732
90000000014308,1,88000000013340
90000000014346,1,88000000015736
90000000014399,1,88000000016025
90000000014435,1,88000000018051
90000000014636,1,88000000010148
90000000014674,1,88000000016338
90000000014686,1,88000000014407
90000000014692,1,88000000016536
90000000014714,1,88000000005221
90000000014718,1,88000000016084
90000000014763,1,88000000015112
90000000014810,1,88000000013718
90000000014826,1,88000000015035
90000000014890,1,88000000015361
90000000014926,1,88000000016903
90000000014936,1,88000000017306
90000000014988,1,88000000009593
90000000015115,1,88000000015505
90000000015121,1,88000000016675
90000000015171,1,88000000013547
90000000015403,1,88000000015850
90000000015414,1,88000000019878
90000000015429,1,88000000015117
90000000015436,1,88000000015779
90000000015438,1,88000000020520
90000000015452,1,88000000013789
90000000015492,1,88000000015287
90000000015501,1,88000000017409
90000000015560,1,88000000014288
90000000015683,1,88000000015852
90000000015749,1,88000000018058
90000000015801,1,88000000017447
90000000015863,1,88000000012516
90000000015880,1,88000000014677
90000000015948,1,88000000016042
90000000015960,1,88000000017789
90000000015961,1,88000000014244
90000000015962,1,88000000017836
90000000015979,1,88000000021689
90000000016020,1,88000000016096
90000000016023,1,88000000015766
90000000016045,1,88000000022051
90000000016124,1,88000000017679
90000000016158,1,88000000019281
90000000016171,1,88000000016926
90000000016208,1,88000000020861
90000000016233,1,88000000015369
90000000016260,1,88000000014904
90000000016264,1,88000000020977
90000000016351,1,88000000020216
90000000016364,1,88000000017258
90000000016417,1,88000000016702
90000000016452,1,88000000017404
90000000016456,1,88000000016588
90000000016535,1,88000000019819
90000000016587,1,88000000021404
90000000016672,1,88000000017753
90000000016676,1,88000000017559
90000000016693,1,88000000018415
90000000016736,1,88000000016600
90000000016745,1,88000000016516
90000000016808,1,88000000014585
90000000016838,1,88000000013154
90000000016849,1,88000000019045
90000000016850,1,88000000017334
90000000016858,1,88000000019036
90000000016898,1,88000000018853
90000000016918,1,88000000017388
90000000016923,1,88000000017019
90000000016943,1,88000000008239
90000000016954,1,88000000016121
90000000017006,1,88000000018026
90000000017030,1,88000000009941
90000000017043,1,88000000018867
90000000017143,1,88000000017754
90000000017246,1,88000000016561
90000000017248,1,88000000017940
90000000017265,1,88000000014200
90000000017294,1,88000000017116
90000000017311,1,88000000015761
90000000017336,1,88000000018054
90000000017341,1,88000000016414
90000000017380,1,88000000017668
90000000017390,1,88000000016287
90000000017392,1,88000000017766
90000000017415,1,88000000017265
90000000017440,1,88000000018710
90000000017498,1,88000000021655
90000000017519,1,88000000018145
90000000017542,1,88000000014734
90000000017556,1,88000000014700
90000000017610,1,88000000017243
90000000017642,1,88000000016976
90000000017665,1,88000000020161
90000000017668,1,88000000015157
90000000017693,1,88000000018733
90000000017727,1,88000000014315
90000000017737,1,88000000016910
90000000017744,1,88000000019202
90000000017765,1,88000000019673
90000000017803,1,88000000019960
90000000017820,1,88000000022207
90000000017852,1,88000000016056
90000000017853,1,88000000019999
90000000017869,1,88000000011975
90000000017913,1,88000000015867
90000000017935,1,88000000018446
90000000017963,1,88000000020857
90000000017993,1,88000000020678
90000000018073,1,88000000019801
90000000018091,1,88000000020122
90000000018146,1,88000000020117
90000000018170,1,88000000013505
90000000018196,1,88000000018018
90000000018201,1,88000000019013
90000000018223,1,88000000017666
90000000018248,1,88000000020846
90000000018265,1,88000000019674
90000000018284,1,88000000019700
90000000018325,1,88000000017882
90000000018329,1,88000000018624
90000000018377,1,88000000019425
90000000018396,1,88000000020507
90000000018447,1,88000000019419
90000000018449,1,88000000020818
90000000018463,1,88000000021119
90000000018484,1,88000000021649
90000000018486,1,88000000018492
90000000018492,1,88000000017044
90000000018520,1,88000000019604
90000000018530,1,88000000018727
90000000018545,1,88000000017071
90000000018610,1,88000000019482
90000000018623,1,88000000016937
90000000018635,1,88000000018098
90000000018669,1,88000000018941
90000000018682,1,88000000017925
90000000018697,1,88000000021249
90000000018706,1,88000000020323
90000000018722,1,88000000019775
90000000018731,1,88000000018851
90000000018737,1,88000000021609
90000000018740,1,88000000019413
90000000018775,1,88000000020131
90000000018816,1,88000000019477
90000000018822,1,88000000020494
90000000018834,1,88000000018791
90000000018836,1,88000000018223
90000000018884,1,88000000016662
90000000018917,1,88000000020922
90000000018919,1,88000000016735
90000000018926,1,88000000019990
90000000018953,1,88000000018994
90000000018965,1,88000000019296
90000000018986,1,88000000019570
90000000019009,1,88000000016945
90000000019013,1,88000000021451
90000000019027,1,88000000019200
90000000019116,1,88000000017768
90000000019117,1,88000000019965
90000000019133,1,88000000019370
90000000019158,1,88000000020537
90000000019213,1,88000000018702
90000000019224,1,88000000017563
90000000019240,1,88000000018000
90000000019254,1,88000000022073
90000000019282,1,88000000021921
90000000019287,1,88000000019523
90000000019348,1,88000000021710
90000000019367,1,88000000018632
90000000019403,1,88000000019747
90000000019445,1,88000000019804
90000000019462,1,88000000020984
90000000019465,1,88000000019783
90000000019477,1,88000000019016
90000000019482,1,88000000020771
90000000019485,1,88000000017475
90000000019585,1,88000000020158
90000000019609,1,88000000019534
90000000019643,1,88000000016234
90000000019654,1,88000000017923
90000000019723,1,88000000012190
90000000019737,1,88000000022330
90000000019753,1,88000000020301
90000000019781,1,88000000017365
90000000019792,1,88000000020420
90000000019826,1,88000000019856
90000000019829,1,88000000020626
90000000019834,1,88000000020367
90000000019839,1,88000000020050
90000000019850,1,88000000019761
90000000019871,1,88000000019147
90000000019876,1,88000000020385
90000000019893,1,88000000020165
90000000019895,1,88000000022401
90000000019896,1,88000000018250
90000000019907,1,88000000018912
90000000019911,1,88000000020965
90000000019937,1,88000000022231
90000000019955,1,88000000021347
90000000019981,1,88000000020881
90000000019996,1,88000000018996
90000000020016,1,88000000020501
90000000020019,1,88000000019280
90000000020098,1,88000000022321
90000000020118,1,88000000021338
90000000020128,1,88000000019001
90000000020139,1,88000000021864
90000000020152,1,88000000019989
90000000020169,1,88000000018544
90000000020205,1,88000000022483
90000000020213,1,88000000020060
90000000020231,1,88000000021688
90000000020253,1,88000000020611
90000000020275,1,88000000019335
90000000020296,1,88000000020681
90000000020308,1,88000000021173
90000000020339,1,88000000022529
90000000020347,1,88000000018308
90000000020379,1,88000000020994
90000000020402,1,88000000020567
90000000020430,1,88000000022459
90000000020437,1,88000000021112
90000000020473,1,88000000021093
90000000020485,1,88000000021356
90000000020488,1,88000000020791
90000000020496,1,88000000021326
90000000020509,1,88000000017575
90000000020518,1,88000000020559
90000000020541,1,88000000022026
90000000020565,1,88000000021384
90000000020598,1,88000000018643
90000000020631,1,88000000020254
90000000020641,1,88000000021854
90000000020687,1,88000000021558
90000000020691,1,88000000020866
90000000020699,1,88000000021811
90000000020717,1,88000000018735
90000000020719,1,88000000021629
90000000020729,1,88000000022035
90000000020731,1,88000000021170
90000000020745,1,88000000016925
90000000020753,1,88000000021135
90000000020754,1,88000000018330
90000000020757,1,88000000020518
90000000020766,1,88000000017342
90000000020782,1,88000000022197
90000000020791,1,88000000019087
90000000020794,1,88000000021096
90000000020830,1,88000000022258
90000000020848,1,88000000021406
90000000020862,1,88000000020280
90000000020883,1,88000000020421
90000000020921,1,88000000021344
90000000020940,1,88000000022270
90000000020942,1,88000000021586
90000000020958,1,88000000022093
90000000020989,1,88000000021468
90000000021005,1,88000000019847
90000000021008,1,88000000020773
90000000021029,1,88000000020848
90000000021033,1,88000000018839
90000000021047,1,88000000017965
90000000021071,1,88000000020980
90000000021120,1,88000000020902
90000000021143,1,88000000022244
90000000021208,1,88000000019894
90000000021211,1,88000000020896
90000000021223,1,88000000017790
90000000021224,1,88000000020563
90000000021235,1,88000000021496
90000000021236,1,88000000022088
90000000021244,1,88000000019654
90000000021259,1,88000000022528
90000000021312,1,88000000020073
90000000021313,1,88000000018285
90000000021333,1,88000000020664
90000000021365,1,88000000022472
90000000021373,1,88000000021585
90000000021383,1,88000000021899
90000000021387,1,88000000021831
90000000021396,1,88000000020006
90000000021408,1,88000000020068
90000000021414,1,88000000019720
90000000021443,1,88000000022018
90000000021464,1,88000000020447
90000000021503,1,88000000022399
90000000021532,1,88000000021303
90000000021597,1,88000000021602
90000000021613,1,88000000021044
90000000021623,1,88000000022543
90000000021661,1,88000000019273
90000000021699,1,88000000021557
90000000021734,1,88000000022290
90000000021752,1,88000000021056
90000000021773,1,88000000019168
90000000021778,1,88000000018432
90000000021790,1,88000000021317
90000000021794,1,88000000020522
90000000021798,1,88000000019828
90000000021827,1,88000000022115
90000000021847,1,88000000021969
90000000021852,1,88000000022119
90000000021921,1,88000000021520
90000000021950,1,88000000022537
90000000021960,1,88000000016566
90000000021974,1,88000000014947
90000000022018,1,88000000021320
90000000022022,1,88000000021988
90000000022029,1,88000000020992
90000000022035,1,88000000022114
90000000022097,1,88000000022158
90000000022106,1,88000000022377
90000000022126,1,88000000022275
90000000022131,1,88000000019917
90000000022190,1,88000000022037
90000000022206,1,88000000022286
90000000022226,1,88000000021490
90000000022243,1,88000000022414
90000000022251,1,88000000021934
90000000022298,1,88000000021932
90000000022310,1,88000000022467
90000000022311,1,88000000021177
90000000022320,1,88000000021342
90000000022337,1,88000000020461
91000000000059,1,88000000000056
91000000000181,1,88000000000173
91000000001077,1,88000000001872
91000000001182,1,88000000000997
91000000001942,1,88000000002555
91000000002249,1,88000000002425
91000000002397,1,88000000001913
91000000002987,1,88000000003232
91000000003272,1,88000000001835
91000000003498,1,88000000002682
91000000004096,1,88000000003839
91000000004448,1,88000000004732
91000000004540,1,88000000004105
91000000004981,1,88000000002744
91000000005048,1,88000000004651
91000000005091,1,88000000005121
91000000005121,1,88000000005279
91000000005576,1,88000000009872
91000000005745,1,88000000009220
91000000005792,2,"88000000003284,88000000009174"
91000000005937,1,88000000007072
91000000006165,1,88000000005790
91000000006234,1,88000000004613
91000000006397,1,88000000009067
91000000006495,1,88000000005964
91000000007179,2,"88000000012613,88000000014159"
91000000007989,1,88000000008152
91000000008377,1,88000000007401
91000000008780,1,88000000006254
91000000008948,1,88000000008514
91000000008967,1,88000000005582
91000000009311,1,88000000008292
91000000009357,1,88000000009181
91000000009448,1,88000000005445
91000000009608,1,88000000010374
91000000009856,1,88000000015880
91000000010082,1,88000000012084
91000000010122,1,88000000011002
91000000010127,1,88000000010745
91000000010146,1,88000000012713
91000000010339,1,88000000012701
91000000010518,1,88000000010591
91000000010580,1,88000000011435
91000000010581,1,88000000010585
91000000010668,1,88000000011219
91000000010690,1,88000000010849
91000000010718,1,88000000009704
91000000010722,1,88000000005941
91000000010966,1,88000000011008
91000000011012,1,88000000007663
91000000011050,1,88000000011226
91000000011060,1,88000000012262
91000000011182,1,88000000009468
91000000011381,1,88000000018233
91000000011615,1,88000000011070
91000000012242,1,88000000012408
91000000012344,1,88000000011663
91000000012358,1,88000000010952
91000000012372,1,88000000010896
91000000012464,1,88000000004848
91000000012934,1,88000000013411
91000000012965,1,88000000011865
91000000013166,1,88000000013853
91000000013199,1,88000000013747
91000000013761,1,88000000013091
91000000013768,1,88000000015612
91000000013884,1,88000000016218
91000000013901,1,88000000014266
91000000013945,1,88000000013270
91000000014295,1,88000000012734
91000000014347,1,88000000013539
91000000014861,1,88000000014184
91000000015447,1,88000000017747
91000000015515,1,88000000018879
91000000015660,1,88000000015692
91000000015678,1,88000000019727
91000000015712,1,88000000021352
91000000015876,1,88000000019256
91000000015889,1,88000000015462
91000000016134,1,88000000012040
91000000016158,1,88000000017978
91000000016385,1,88000000005796
91000000016516,1,88000000014209
91000000016517,1,88000000017557
91000000016669,1,88000000014371
91000000016725,1,88000000015591
91000000016889,1,88000000016202
91000000016895,1,88000000022199
91000000016998,1,88000000017727
91000000017022,1,88000000015810
91000000017303,1,88000000020391
91000000017439,1,88000000016652
91000000017457,1,88000000021415
91000000017469,1,88000000016423
91000000017523,1,88000000022182
91000000017606,1,88000000018401
91000000017608,1,88000000006820
91000000017709,1,88000000017372
91000000017739,1,88000000021478
91000000017783,1,88000000016999
91000000018041,1,88000000007327
91000000018118,1,88000000016190
91000000018167,1,88000000020879
91000000018245,1,88000000018044
91000000018255,1,88000000015504
91000000018271,1,88000000017172
91000000018345,1,88000000015758
91000000018434,1,88000000016416
91000000018551,1,88000000017154
91000000018663,1,88000000017654
91000000018690,1,88000000021066
91000000018741,1,88000000020827
91000000018764,1,88000000019308
91000000019045,1,88000000018892
91000000019083,1,88000000017502
91000000019088,1,88000000018835
91000000019091,1,88000000021236
91000000019120,1,88000000018945
91000000019309,1,88000000021946
91000000019374,1,88000000019092
91000000019525,1,88000000016429
91000000019557,1,88000000022187
91000000019649,1,88000000016016
91000000019786,1,88000000019110
91000000019864,1,88000000020763
91000000019883,1,88000000022549
91000000020006,1,88000000021486
91000000020019,1,88000000021143
91000000020104,1,88000000019995
91000000020302,1,88000000021690
91000000020313,1,88000000020973
91000000020422,1,88000000020739
91000000020468,1,88000000022196
91000000020516,1,88000000021116
91000000020526,1,88000000020525
91000000020625,1,88000000021058
91000000020664,1,88000000022194
91000000020688,1,88000000020028
91000000020780,1,88000000020235
91000000020825,1,88000000018398
91000000020908,1,88000000017930
91000000021033,1,88000000019739
91000000021093,1,88000000021650
91000000021157,1,88000000022148
91000000021233,1,88000000021308
91000000021288,1,88000000021952
91000000021323,1,88000000021928
91000000021369,1,88000000020797
91000000021449,1,88000000021667
91000000021555,1,88000000021438
91000000021562,1,88000000021820
91000000021605,1,88000000020329
91000000021618,1,88000000019229
91000000021633,1,88000000021374
91000000021646,1,88000000022261
91000000021665,1,88000000021772
91000000021803,1,88000000021152
91000000022088,1,88000000018918
91000000022135,1,88000000022074
92000000000989,1,88000000000557
92000000001524,1,88000000000940
92000000001583,1,88000000001605
92000000001789,1,88000000001570
92000000001828,1,88000000001858
92000000001944,1,88000000001626
92000000002187,1,88000000001610
92000000002363,1,88000000002094
92000000002380,1,88000000002016
92000000002447,1,88000000003353
92000000002465,1,88000000003438
92000000002712,1,88000000003061
92000000003249,1,88000000002643
92000000004802,1,88000000005316
92000000004907,1,88000000002541
92000000005082,1,88000000005602
92000000006281,1,88000000006017
92000000006343,1,88000000003970
92000000006651,1,88000000006697
92000000007208,1,88000000005988
92000000007476,1,88000000007121
92000000007990,2,"88000000011230,88000000016232"
92000000008466,1,88000000009518
92000000008850,1,88000000006949
92000000009221,1,88000000011479
92000000009268,1,88000000006753
92000000010142,1,88000000010776
92000000010301,1,88000000008238
92000000010407,1,88000000008408
92000000010537,1,88000000018807
92000000010584,1,88000000018675
92000000010736,1,88000000008740
92000000010870,1,88000000018774
92000000011632,1,88000000007773
92000000011635,1,88000000007827
92000000011830,1,88000000007704
92000000011948,1,88000000005423
92000000011956,1,88000000017670
92000000012199,1,88000000005027
92000000012629,1,88000000012984
92000000012792,1,88000000014018
92000000013081,1,88000000019887
92000000013168,1,88000000005600
92000000013631,1,88000000017988
92000000013985,1,88000000021924
92000000014043,1,88000000015739
92000000014180,1,88000000020714
92000000014858,1,88000000014168
92000000015418,1,88000000016973
92000000015535,1,88000000022507
92000000015572,1,88000000018174
92000000015615,1,88000000007002
92000000015806,1,88000000017640
92000000015909,1,88000000013783
92000000015957,1,88000000019338
92000000016122,1,88000000010338
92000000016476,1,88000000017353
92000000016620,1,88000000016151
92000000016847,1,88000000021735
92000000017063,1,88000000019824
92000000017081,1,88000000014935
92000000017250,1,88000000013731
92000000017879,1,88000000015647
92000000017936,1,88000000015461
92000000017948,1,88000000021461
92000000018073,1,88000000014491
92000000018477,1,88000000020250
92000000018512,1,88000000021084
92000000018668,1,88000000015399
92000000019081,1,88000000015327
92000000019707,1,88000000019462
92000000019917,1,88000000020174
92000000020107,1,88000000020757
92000000020116,1,88000000011677
92000000020200,1,88000000017745
92000000020224,1,88000000018200
92000000020274,1,88000000020363
92000000020304,1,88000000021981
92000000020499,1,88000000021842
92000000020547,1,88000000019843
92000000020768,1,88000000021321
92000000021007,1,88000000019897
92000000021102,1,88000000009603
92000000021103,1,88000000020661
92000000021131,1,88000000016998
92000000021199,1,88000000021265
92000000021222,1,88000000020750
92000000021264,1,88000000018540
92000000021270,1,88000000021512
92000000021405,1,88000000021651
92000000021414,1,88000000022140
92000000021426,1,88000000016660
92000000021574,1,88000000020298
92000000021673,1,88000000022367
92000000021753,1,88000000022485
92000000021798,1,88000000015985
92000000021833,1,88000000020152
92000000021847,1,88000000017174
92000000021892,1,88000000014204
92000000022001,1,88000000022013
92000000022202,1,88000000013729
93000000000341,1,88000000000200
93000000000508,1,88000000001044
93000000000902,1,88000000000897
93000000001807,1,88000000001725
93000000002679,1,88000000002402
93000000002859,1,88000000003553
93000000002994,1,88000000001894
93000000003174,1,88000000003296
93000000004082,1,88000000003458
93000000004905,1,88000000006145
93000000005335,1,88000000005324
93000000005411,1,88000000013180
93000000005895,1,88000000003999
93000000007276,1,88000000005845
93000000007611,1,88000000011844
93000000008199,1,88000000011625
93000000008671,1,88000000013568
93000000008779,1,88000000009304
93000000009035,1,88000000007654
93000000009177,1,88000000009353
93000000010731,1,88000000013676
93000000010780,1,88000000007344
93000000010882,1,88000000006005
93000000011327,1,88000000012995
93000000012650,1,88000000008042
93000000013865,1,88000000019524
93000000014212,1,88000000014565
93000000014316,1,88000000012131
93000000015277,1,88000000017592
93000000015541,1,88000000017205
93000000016202,1,88000000016248
93000000016798,1,88000000017195
93000000016948,1,88000000020613
93000000017021,1,88000000018980
93000000018834,1,88000000017091
93000000019315,1,88000000014270
93000000019343,1,88000000019980
93000000019631,1,88000000017877
93000000019796,1,88000000022441
93000000019962,1,88000000018925
93000000020072,1,88000000020993
93000000020179,1,88000000021314
93000000020347,1,88000000022486
93000000020570,1,88000000022303
93000000020613,1,88000000020923
93000000020737,1,88000000014965
93000000020741,1,88000000014323
93000000020768,1,88000000021193
93000000020881,1,88000000019443
93000000021003,1,88000000021132
93000000021046,1,88000000021087
93000000021072,1,88000000021601
93000000021194,1,88000000021538
93000000021346,1,88000000013660
93000000021429,1,88000000019876
93000000021443,1,88000000010633
93000000021668,1,88000000022559
93000000021672,1,88000000020550
93000000021710,1,88000000008011
93000000021816,1,88000000016109
93000000021851,1,88000000022393
93000000021937,1,88000000021998
93000000021983,1,88000000022278
93000000022062,1,88000000017598
94000000003693,1,88000000004418
94000000004900,1,88000000005338
94000000005673,1,88000000006747
94000000006105,1,88000000005244
94000000010677,1,88000000009113
94000000011675,1,88000000012668
94000000012396,1,88000000012936
94000000012717,1,88000000016710
94000000012820,1,88000000010850
94000000012846,1,88000000018862
94000000014527,1,88000000014982
94000000015115,1,88000000016753
94000000015350,1,88000000018762
94000000015580,1,88000000012072
94000000016881,1,88000000016954
94000000017661,1,88000000007629
94000000018312,1,88000000019811
94000000019130,1,88000000010079
94000000019200,1,88000000012159
94000000019207,1,88000000020410
94000000019440,1,88000000015685
94000000019663,1,88000000020579
94000000020223,1,88000000016661
94000000020335,1,88000000021553
94000000020877,1,88000000021734
94000000021137,1,88000000021698
94000000021262,1,88000000019083
94000000021440,1,88000000021677
94000000021489,1,88000000020630
94000000021568,1,88000000022415
94000000021818,1,88000000022237
94000000021839,1,88000000011650
95000000002176,1,88000000001383
95000000005187,1,88000000008235
95000000006437,1,88000000014869
95000000007550,1,88000000006674
95000000010591,1,88000000019486
95000000011419,1,88000000015421
95000000016635,1,88000000020238
95000000016959,1,88000000018141
95000000017420,1,88000000018579
95000000018426,1,88000000019713
95000000019251,1,88000000022049
95000000019279,1,88000000022466
95000000019436,1,88000000015980
95000000019441,1,88000000015998
95000000020537,1,88000000016866
95000000020818,1,88000000019106
95000000021400,1,88000000022345
96000000001103,1,88000000001028
96000000001578,1,88000000001781
96000000001939,1,88000000001587
96000000004939,1,88000000003968
96000000005639,1,88000000005670
96000000006992,1,88000000005682
96000000007714,1,88000000008319
96000000010618,1,88000000017487
96000000013375,1,88000000016299
96000000014415,1,88000000010429
96000000019139,1,88000000021368
96000000020841,1,88000000019291
96000000021799,1,88000000019238
96000000021963,1,88000000022138
97000000001045,1,88000000000892
97000000002595,1,88000000003220
97000000003985,1,88000000002770
97000000013326,1,88000000018923
97000000016675,1,88000000020544
97000000017131,1,88000000020919
97000000018491,1,88000000017122
97000000019976,1,88000000021570
97000000020132,1,88000000021859
97000000020143,1,88000000021465
97000000020908,1,88000000018580
97000000021245,1,88000000022172
97000000021263,1,88000000020686
97000000021764,1,88000000020325
97000000021800,1,88000000016635
98000000002907,1,88000000003941
98000000018617,1,88000000018333
98000000020942,1,88000000020140
98000000021359,1,88000000019342
98000000021469,1,88000000019511
99000000007762,1,88000000006247
99000000007936,1,88000000004796
99000000008871,1,88000000009983
99000000018939,1,88000000021891
99000000019950,1,88000000020648
99000000020361,1,88000000013868
99000000020766,1,88000000017564
99000000020803,1,88000000014854
99000000021362,1,88000000022041
99000000021811,1,88000000019568
100000000000539,1,88000000000368
100000000005544,1,88000000006703
100000000015755,1,88000000006912
100000000015795,1,88000000006872
100000000020395,1,88000000019339
100000000020867,1,88000000021957
100000000021451,1,88000000018448
101000000013643,1,88000000021679
101000000019160,1,88000000020794
101000000020933,1,88000000018792
101000000021892,1,88000000021086
102000000001445,1,88000000001742
102000000015632,1,88000000019142
102000000019141,1,88000000020472
102000000021482,1,88000000022363
103000000004524,1,88000000003388
103000000019950,1,88000000020384
103000000021578,1,88000000020941
104000000019065,1,88000000020514
104000000021081,1,88000000021214
104000000021646,1,88000000019818
104000000022321,1,88000000017581
105000000020086,1,88000000020356
105000000020108,1,88000000021760
105000000020781,1,88000000020141
105000000022622,1,88000000021208
105000000022890,1,88000000022462
107000000022026,1,88000000021865
110000000021731,1,88000000022054
112000000018722,1,88000000019589
114000000007533,1,88000000008329
116000000024213,1,88000000020684
116000000024776,1,88000000021095
123000000024657,1,88000000022439
